500 500
1.13672 0.497667 0.497667 32.5 187.5 0
1.10606 0.517571 0.517571 37.5 197.5 0
1.2297 0.350059 0.350059 122.5 202.5 0
1.03622 0.389363 0.389363 212.5 222.5 0
1.00493 0.399878 0.399878 177.5 227.5 0
1.07507 0.479124 0.479124 177.5 237.5 0
1.19743 0.590292 0.590292 192.5 247.5 0
1.02032 1.02032 1.02032 497.5 30 3
1.15102 1.15102 1.15102 80 70 3
1.06676 1.06676 1.06676 336.25 68.75 3
1.15657 1.15657 1.15657 65 90 3
1.16403 1.16403 1.16403 42.5 110 3
0.28191 0.0968278 0.0968278 142.5 128.75 3
1.17193 1.17193 1.17193 8.75 150 3
1.08495 0.235351 0.235351 77.5 145 3
0.28191 0.28191 0.28191 335 142.5 3
0.866705 0.0968278 0.0968278 140 160 3
0.919772 0.0968278 0.0968278 157.5 170 3
0.28191 0.28191 0.28191 410 182.5 3
1.2883 0.476164 0.476164 70 195 3
0.432572 0.338659 0.338659 130 213.75 3
0.561895 0.536673 0.536673 57.5 215 3
1.13248 1.13248 1.13248 25 226.25 3
0.455354 0.428871 0.428871 200 227.5 3
1.15221 1.15221 1.15221 252.5 240 3
1.14143 1.14143 1.14143 175 245 3
0.534347 0.515728 0.718079 220 350 3
0.801853 0.801853 0.801853 6.25 390 3
0.741636 0.741636 0.741636 170 397.5 3
0.511916 0.49222 0.70291 316.25 425 3
0.196975 0.096975 0.596975 370 495 3
0.196975 0.096975 0.596975 140 497.5 3
0.196975 0.096975 0.596975 200 497.5 3
0.196975 0.096975 0.596975 310 497.5 3
1.01899 1.01899 1.01899 494.167 48.3333 5
1.06161 1.06161 1.06161 355.833 55 5
1.15531 1.15531 1.15531 67.5 75 5
1.11414 1.11414 1.11414 191.667 74.1667 5
1.08775 1.08775 1.08775 270.833 75 5
1.07926 1.07926 1.07926 296.667 74.1667 5
1.16078 1.16078 1.16078 52.5 95 5
1.09252 1.09252 1.09252 251.667 94.1667 5
0.290347 0.290347 0.290347 160 119.167 5
1.11657 1.11657 1.11657 168.333 133.333 5
0.278426 0.0968278 0.0968278 150 151.667 5
0.290347 0.290347 0.290347 489.5 173.5 4
0.367457 0.322665 0.322665 100 175 5
0.321365 0.321365 0.321365 225 188.333 5
0.435091 0.399545 0.399545 95 190 5
0.28191 0.28191 0.28191 421.667 191.667 5
0.449986 0.416022 0.416022 109.167 210 5
0.512745 0.48422 0.48422 91.6667 219.167 5
0.524101 0.497125 0.497125 185.833 238.333 5
0.917158 0.917158 0.917158 298.333 245.833 5
1.24596 1.24596 1.24596 218.333 250 5
1.17251 1.17251 1.17251 246.667 247.5 5
1.19055 1.19055 1.19055 179.167 256.667 5
1.2353 1.2353 1.2353 192.5 262.5 5
1.30777 1.30777 1.30777 260.833 353.333 5
1.28273 1.28273 1.28273 249.167 355 5
0.733848 0.733848 0.733848 202.5 397.5 4
0.711859 0.711859 0.711859 152.5 407.5 4
0.571194 0.554136 0.743829 226.667 399.167 5
0.553263 0.535475 0.731173 267.5 415 5
0.543294 0.525076 0.72424 285 427.5 5
0.53208 0.513358 0.716528 294.167 420 5
0.196975 0.096975 0.596975 489.5 493.5 4
0.196975 0.096975 0.596975 21.6667 492.5 5
0.196975 0.096975 0.596975 41.6667 492.5 5
0.196975 0.096975 0.596975 61.6667 492.5 5
0.196975 0.096975 0.596975 81.6667 492.5 5
0.196975 0.096975 0.596975 345 492.5 5
0.196975 0.096975 0.596975 365 492.5 5
0.196975 0.096975 0.596975 385 492.5 5
0.196975 0.096975 0.596975 405 492.5 5
0.196975 0.096975 0.596975 431.667 492.5 5
1.05993 1.05993 1.05993 360.357 57.5 6
1.07221 1.07221 1.07221 320.357 65.3571 6
1.15315 1.15315 1.15315 73.9286 73.2143 6
1.07718 1.07718 1.07718 303.929 70.3571 6
1.11069 1.11069 1.11069 201.786 76.0714 6
1.08602 1.08602 1.08602 275.357 77.5 6
1.15864 1.15864 1.15864 58.9286 93.2143 6
1.16244 1.16244 1.16244 47.5 97.5 6
1.16573 1.16573 1.16573 37.5 107.5 6
0.28191 0.0968278 0.0968278 125.357 115.357 6
1.16705 1.16705 1.16705 32.5 117.5 6
0.28191 0.0968278 0.0968278 141.786 123.929 6
0.999407 0.0968278 0.0968278 144.643 139.643 6
1.11901 0.27386 0.27386 60.3571 141.786 6
1.21303 0.378651 0.378651 43.2143 154.643 6
0.28191 0.28191 0.28191 354.167 150.833 5
1.20491 0.430901 0.430901 33.9286 165.357 6
0.28191 0.28191 0.28191 237.5 159.643 6
0.290347 0.290347 0.290347 483.929 163.929 6
0.290347 0.290347 0.290347 492.5 166.786 6
0.402759 0.219531 0.219531 134.643 189.643 6
0.938509 0.118596 0.118596 148.929 190.357 6
0.95058 0.279714 0.279714 215.357 206.071 6
0.28191 0.28191 0.28191 458.929 204.643 6
0.619081 0.523702 0.523702 73.2143 221.071 6
0.558962 0.521314 0.521314 198.214 238.929 6
1.2213 1.2213 1.2213 233.929 250.357 6
1.2548 1.2548 1.2548 204.643 258.214 6
1.16768 1.16768 1.16768 174.643 265.357 6
1.33252 1.33252 1.33252 259.643 359.643 6
0.738757 0.738757 0.738757 489.167 364.167 5
0.745055 0.745055 0.745055 491.071 361.071 6
0.795868 0.795868 0.795868 22.5 390.833 5
0.726039 0.726039 0.726039 176.071 401.786 6
0.736369 0.736369 0.736369 191.786 397.5 6
0.566128 0.548869 0.740232 247.5 416.071 6
0.558591 0.541026 0.734912 262.5 418.214 6
0.501199 0.480947 0.695811 325.357 426.786 6
0.196975 0.096975 0.596975 118.929 488.929 6
0.196975 0.096975 0.596975 167.5 490.357 6
0.196975 0.096975 0.596975 207.5 488.214 6
0.196975 0.096975 0.596975 463.929 483.929 6
0.196975 0.096975 0.596975 483.929 483.929 6
0.196975 0.096975 0.596975 492.5 486.786 6
1.16689 1.16689 1.16689 10.625 16.25 7
1.16502 1.16502 1.16502 18.75 20 7
1.16353 1.16353 1.16353 23.75 20 7
1.16203 1.16203 1.16203 28.75 20 7
1.16054 1.16054 1.16054 33.75 20 7
1.15904 1.15904 1.15904 38.75 20 7
1.15754 1.15754 1.15754 43.75 20 7
1.15604 1.15604 1.15604 48.75 20 7
1.15454 1.15454 1.15454 53.75 20 7
1.15304 1.15304 1.15304 58.75 20 7
1.15154 1.15154 1.15154 63.75 20 7
1.15004 1.15004 1.15004 68.75 20 7
1.14853 1.14853 1.14853 73.75 20 7
1.14703 1.14703 1.14703 78.75 20 7
1.14552 1.14552 1.14552 83.75 20 7
1.14402 1.14402 1.14402 85 10 7
1.14177 1.14177 1.14177 96.25 20 7
1.14026 1.14026 1.14026 101.25 20 7
1.13876 1.13876 1.13876 106.25 20 7
1.13725 1.13725 1.13725 111.25 20 7
1.13574 1.13574 1.13574 116.25 20 7
1.13423 1.13423 1.13423 121.25 20 7
1.13272 1.13272 1.13272 126.25 20 7
1.13121 1.13121 1.13121 131.25 20 7
1.1297 1.1297 1.1297 136.25 20 7
1.12819 1.12819 1.12819 141.25 20 7
1.12668 1.12668 1.12668 146.25 20 7
1.12516 1.12516 1.12516 151.25 20 7
1.12365 1.12365 1.12365 156.25 20 7
1.12214 1.12214 1.12214 161.25 20 7
1.12063 1.12063 1.12063 166.25 20 7
1.11911 1.11911 1.11911 171.25 20 7
1.1176 1.1176 1.1176 176.25 20 7
1.11609 1.11609 1.11609 181.25 20 7
1.11457 1.11457 1.11457 186.25 20 7
1.11306 1.11306 1.11306 191.25 20 7
1.11155 1.11155 1.11155 196.25 20 7
1.11003 1.11003 1.11003 201.25 20 7
1.10852 1.10852 1.10852 206.25 20 7
1.10701 1.10701 1.10701 211.25 20 7
1.10549 1.10549 1.10549 216.25 20 7
1.10398 1.10398 1.10398 221.25 20 7
1.10247 1.10247 1.10247 226.25 20 7
1.10096 1.10096 1.10096 230 10 7
1.0987 1.0987 1.0987 238.75 20 7
1.09719 1.09719 1.09719 243.75 20 7
1.09567 1.09567 1.09567 248.75 20 7
1.09416 1.09416 1.09416 253.75 20 7
1.09265 1.09265 1.09265 258.75 20 7
1.09114 1.09114 1.09114 263.75 20 7
1.08963 1.08963 1.08963 268.75 20 7
1.08812 1.08812 1.08812 273.75 20 7
1.08661 1.08661 1.08661 278.75 17.5 7
1.08472 1.08472 1.08472 285 20 7
1.08321 1.08321 1.08321 290 20 7
1.0817 1.0817 1.0817 295 20 7
1.08019 1.08019 1.08019 300 20 7
1.0787 1.0787 1.0787 305 10 7
1.07573 1.07573 1.07573 315 6.875 7
1.07211 1.07211 1.07211 326.875 20 7
1.07061 1.07061 1.07061 331.875 20 7
1.0691 1.0691 1.0691 336.875 20 7
1.06769 1.06769 1.06769 341.875 15.625 7
1.06592 1.06592 1.06592 347.5 20 7
1.06442 1.06442 1.06442 352.5 20 7
1.06291 1.06291 1.06291 357.5 20 7
1.06142 1.06142 1.06142 362.5 20 7
1.05992 1.05992 1.05992 367.5 20 7
1.05842 1.05842 1.05842 372.5 20 7
1.05692 1.05692 1.05692 377.5 20 7
1.05543 1.05543 1.05543 382.5 20 7
1.05393 1.05393 1.05393 387.5 20 7
1.05244 1.05244 1.05244 392.5 20 7
1.05094 1.05094 1.05094 397.5 20 7
1.04945 1.04945 1.04945 402.5 20 7
1.04796 1.04796 1.04796 407.5 20 7
1.04647 1.04647 1.04647 412.5 20 7
1.04498 1.04498 1.04498 417.5 20 7
1.04349 1.04349 1.04349 422.5 20 7
1.04201 1.04201 1.04201 427.5 20 7
1.04052 1.04052 1.04052 432.5 20 7
1.03904 1.03904 1.03904 437.5 20 7
1.03755 1.03755 1.03755 442.5 20 7
1.03609 1.03609 1.03609 450 10 7
1.03386 1.03386 1.03386 455 20 7
1.03238 1.03238 1.03238 460 20 7
1.0309 1.0309 1.0309 465 20 7
1.02943 1.02943 1.02943 470 20 7
1.02795 1.02795 1.02795 475 20 7
1.02648 1.02648 1.02648 480 20 7
1.025 1.025 1.025 485 20 7
1.02353 1.02353 1.02353 490 20 7
1.02206 1.02206 1.02206 495 20 7
1.16841 1.16841 1.16841 11.875 28.75 7
1.07326 1.07326 1.07326 322.5 30 7
1.17036 1.17036 1.17036 5 27.5 7
1.07467 1.07467 1.07467 317.5 35 7
1.14335 1.14335 1.14335 97.5 40 7
1.09991 1.09991 1.09991 236.25 40 7
1.07763 1.07763 1.07763 307.5 40 7
1.07607 1.07607 1.07607 312.5 40 7
1.03506 1.03506 1.03506 445 40 7
1.16545 1.16545 1.16545 30 50 7
1.08519 1.08519 1.08519 282.5 50 7
1.17231 1.17231 1.17231 8.75 51.25 7
1.06718 1.06718 1.06718 340 47.5 7
1.1705 1.1705 1.1705 16.25 56.25 7
1.16684 1.16684 1.16684 28.75 60 7
1.16364 1.16364 1.16364 38.75 60 7
1.16203 1.16203 1.16203 43.75 60 7
1.16043 1.16043 1.16043 48.75 60 7
1.15882 1.15882 1.15882 53.75 60 7
1.15722 1.15722 1.15722 58.75 60 7
1.1553 1.1553 1.1553 62.5 50 7
1.15214 1.15214 1.15214 72.5 50 7
1.14957 1.14957 1.14957 82.5 60 7
1.14796 1.14796 1.14796 87.5 60 7
1.14635 1.14635 1.14635 92.5 60 7
1.14473 1.14473 1.14473 97.5 60 7
1.14225 1.14225 1.14225 105 57.5 7
1.14049 1.14049 1.14049 110.625 59.375 7
1.13847 1.13847 1.13847 116.875 59.375 7
1.1366 1.1366 1.1366 122.5 57.5 7
1.13482 1.13482 1.13482 128.125 59.375 7
1.13308 1.13308 1.13308 132.5 50 7
1.1312 1.1312 1.1312 139.375 59.375 7
1.12936 1.12936 1.12936 145 57.5 7
1.12755 1.12755 1.12755 150.625 59.375 7
1.12572 1.12572 1.12572 156.25 60 7
1.1241 1.1241 1.1241 161.25 60 7
1.12248 1.12248 1.12248 166.25 60 7
1.12086 1.12086 1.12086 171.25 60 7
1.11923 1.11923 1.11923 176.25 60 7
1.11761 1.11761 1.11761 181.25 60 7
1.11599 1.11599 1.11599 186.25 60 7
1.11396 1.11396 1.11396 192.5 50 7
1.11195 1.11195 1.11195 198.75 60 7
1.1095 1.1095 1.1095 206.25 60 7
1.10787 1.10787 1.10787 211.25 60 7
1.10625 1.10625 1.10625 216.25 60 7
1.10463 1.10463 1.10463 221.25 60 7
1.10315 1.10315 1.10315 226.25 52.5 7
1.10099 1.10099 1.10099 232.5 60 7
1.09774 1.09774 1.09774 242.5 60 7
1.09612 1.09612 1.09612 247.5 60 7
1.0945 1.0945 1.0945 252.5 60 7
1.09288 1.09288 1.09288 257.5 60 7
1.09126 1.09126 1.09126 262.5 60 7
1.08964 1.08964 1.08964 267.5 60 7
1.08767 1.08767 1.08767 275 50 7
1.08316 1.08316 1.08316 287.5 60 7
1.08154 1.08154 1.08154 292.5 60 7
1.07972 1.07972 1.07972 300 50 7
1.07065 1.07065 1.07065 326.25 60 7
1.06904 1.06904 1.06904 331.25 60 7
1.06486 1.06486 1.06486 345 57.5 7
1.06287 1.06287 1.06287 350.625 59.375 7
1.05806 1.05806 1.05806 366.25 57.5 7
1.05597 1.05597 1.05597 375 50 7
1.05408 1.05408 1.05408 378.75 57.5 7
1.05168 1.05168 1.05168 386.25 57.5 7
1.04967 1.04967 1.04967 395 50 7
1.0477 1.0477 1.0477 398.75 57.5 7
1.04531 1.04531 1.04531 406.25 57.5 7
1.0434 1.0434 1.0434 415 50 7
1.04123 1.04123 1.04123 419.375 56.875 7
1.0387 1.0387 1.0387 430 50 7
1.03597 1.03597 1.03597 436.25 56.25 7
1.03246 1.03246 1.03246 450 50 7
1.02967 1.02967 1.02967 456.25 56.25 7
1.02779 1.02779 1.02779 465 50 7
1.02468 1.02468 1.02468 475 50 7
1.02261 1.02261 1.02261 478.75 56.25 7
1.17378 1.17378 1.17378 7.5 61.25 7
1.16847 1.16847 1.16847 26.25 70 7
1.17561 1.17561 1.17561 5 72.5 7
1.07451 1.07451 1.07451 312.5 68.75 7
1.17034 1.17034 1.17034 22.5 80 7
1.09932 1.09932 1.09932 235 80 7
0.290347 0.290347 0.290347 435 67.5 7
0.290347 0.290347 0.290347 475 67.5 7
0.290347 0.290347 0.290347 480 71.875 7
1.16483 1.16483 1.16483 40 85 7
1.10243 1.10243 1.10243 225 85 7
1.08326 1.08326 1.08326 282.5 82.5 7
0.290347 0.290347 0.290347 380 72.5 7
0.290347 0.290347 0.290347 420 72.5 7
0.290347 0.290347 0.290347 445 75 7
0.290347 0.290347 0.290347 481.25 78.125 7
1.17761 1.17761 1.17761 2.5 95 7
1.17256 1.17256 1.17256 17.5 95 7
0.290347 0.290347 0.290347 125 77.5 7
0.290347 0.290347 0.290347 135 81.25 7
0.290347 0.290347 0.290347 350 77.5 7
0.290347 0.290347 0.290347 390 77.5 7
0.290347 0.290347 0.290347 417.5 80 7
0.290347 0.290347 0.290347 457.5 80 7
0.290347 0.290347 0.290347 483.75 83.75 7
1.17432 1.17432 1.17432 12.5 100 7
1.16844 1.16844 1.16844 30 95 7
0.290347 0.290347 0.290347 95 82.5 7
0.290347 0.290347 0.290347 165 82.5 7
1.10637 1.10637 1.10637 213.125 86.875 7
1.09798 1.09798 1.09798 233.75 100 7
1.09625 1.09625 1.09625 238.75 100 7
1.09451 1.09451 1.09451 243.75 100 7
1.08999 1.08999 1.08999 260.625 89.375 7
0.290347 0.290347 0.290347 325 82.5 7
0.290347 0.290347 0.290347 365 82.5 7
0.290347 0.290347 0.290347 387.5 85 7
0.290347 0.290347 0.290347 427.5 85 7
0.290347 0.290347 0.290347 490 90 7
0.290347 0.290347 0.290347 90 87.5 7
0.290347 0.290347 0.290347 130 87.5 7
0.290347 0.290347 0.290347 170 87.5 7
0.290347 0.290347 0.290347 180 92.5 7
0.290347 0.290347 0.290347 310 87.5 7
0.290347 0.290347 0.290347 350 87.5 7
0.290347 0.290347 0.290347 392.5 90 7
0.290347 0.290347 0.290347 450 87.5 7
1.17597 1.17597 1.17597 7.5 110 7
0.290347 0.290347 0.290347 90 92.5 7
0.290347 0.290347 0.290347 130 92.5 7
0.290347 0.290347 0.290347 150 95 7
0.290347 0.290347 0.290347 190 95 7
1.10062 1.10062 1.10062 223.75 107.5 7
0.290347 0.290347 0.290347 295 92.5 7
0.290347 0.290347 0.290347 335 92.5 7
0.290347 0.290347 0.290347 357.5 95 7
0.290347 0.290347 0.290347 415 92.5 7
0.290347 0.290347 0.290347 455 92.5 7
0.290347 0.290347 0.290347 460 96.875 7
0.290347 0.290347 0.290347 480 100 7
0.282965 0.121018 0.121018 90 97.5 7
0.290347 0.290347 0.290347 127.5 100 7
0.290347 0.290347 0.290347 158.75 101.25 7
0.290347 0.290347 0.290347 202.5 99.375 7
1.10347 1.10347 1.10347 214.375 111.25 7
0.290347 0.290347 0.290347 280 97.5 7
0.290347 0.290347 0.290347 320 97.5 7
0.290347 0.290347 0.290347 380 97.5 7
0.290347 0.290347 0.290347 420 97.5 7
0.290347 0.290347 0.290347 480 105 7
1.17145 1.17145 1.17145 20 117.5 7
1.05436 0.0968278 0.0968278 73.75 115.625 7
1.05112 0.0968278 0.0968278 80 116.25 7
0.28191 0.0968278 0.0968278 95 102.5 7
0.28191 0.0968278 0.0968278 108.75 106.25 7
0.290347 0.290347 0.290347 182.5 105 7
0.290347 0.290347 0.290347 200 107.5 7
0.290347 0.290347 0.290347 275 102.5 7
0.290347 0.290347 0.290347 315 102.5 7
0.290347 0.290347 0.290347 355 102.5 7
0.290347 0.290347 0.290347 395 102.5 7
0.290347 0.290347 0.290347 435 102.5 7
0.290347 0.290347 0.290347 445 106.25 7
0.290347 0.290347 0.290347 480 110 7
1.05785 0.0968278 0.0968278 67.5 115.625 7
1.04715 0.0968278 0.0968278 87.5 113.75 7
0.290347 0.290347 0.290347 150 107.5 7
0.290347 0.290347 0.290347 198.75 113.75 7
0.290347 0.290347 0.290347 265 107.5 7
0.290347 0.290347 0.290347 305 107.5 7
0.290347 0.290347 0.290347 345 107.5 7
0.290347 0.290347 0.290347 385 107.5 7
0.290347 0.290347 0.290347 412.5 110 7
0.290347 0.290347 0.290347 440 111.875 7
0.290347 0.290347 0.290347 480 115 7
1.16926 1.16926 1.16926 25 125 7
1.06303 0.0968278 0.0968278 57.5 117.5 7
1.04204 0.0968278 0.0968278 95 125 7
1.03615 0.0968278 0.0968278 101.875 125 7
0.28191 0.0968278 0.0968278 123.75 114.375 7
0.290347 0.290347 0.290347 160 112.5 7
0.290347 0.290347 0.290347 260 112.5 7
0.290347 0.290347 0.290347 300 112.5 7
0.290347 0.290347 0.290347 340 112.5 7
0.290347 0.290347 0.290347 380 112.5 7
0.290347 0.290347 0.290347 442.5 118.75 7
0.290347 0.290347 0.290347 480 120 7
1.17612 1.17612 1.17612 2.5 135 7
1.02972 0.0968278 0.0968278 110 126.25 7
0.290347 0.290347 0.290347 165 120 7
1.10588 1.10588 1.10588 201.25 126.25 7
1.09934 1.09934 1.09934 215.625 132.5 7
0.290347 0.290347 0.290347 260 117.5 7
0.284019 0.284019 0.284019 282.5 120 7
0.28191 0.28191 0.28191 320 117.5 7
0.28191 0.28191 0.28191 341.25 120.625 7
0.290347 0.290347 0.290347 375 117.5 7
0.290347 0.290347 0.290347 415 117.5 7
0.290347 0.290347 0.290347 440 125 7
0.290347 0.290347 0.290347 480 125 7
1.17362 1.17362 1.17362 10 135 7
1.07286 0.133688 0.133688 57.5 126.875 7
1.02091 0.0968278 0.0968278 118.75 130 7
1.11444 1.11444 1.11444 170 140 7
1.1126 1.1126 1.1126 175 140 7
1.11075 1.11075 1.11075 180 140 7
1.10901 1.10901 1.10901 185.625 138.75 7
1.10179 1.10179 1.10179 206.875 136.25 7
1.0971 1.0971 1.0971 218.75 137.5 7
1.09416 1.09416 1.09416 230 132.5 7
0.290347 0.290347 0.290347 250 123.75 7
0.28191 0.28191 0.28191 305 122.5 7
0.28191 0.28191 0.28191 362.5 124.375 7
0.290347 0.290347 0.290347 395 122.5 7
0.290347 0.290347 0.290347 405 126.25 7
0.290347 0.290347 0.290347 440 130 7
0.290347 0.290347 0.290347 480 130 7
1.08632 0.202338 0.202338 53.75 131.25 7
1.04654 0.103743 0.103743 85 136.25 7
1.1201 1.1201 1.1201 158.75 133.125 7
0.28191 0.28191 0.28191 285 127.5 7
0.28191 0.28191 0.28191 325 127.5 7
0.28191 0.28191 0.28191 338.75 131.25 7
0.28191 0.28191 0.28191 368.75 130.625 7
0.290347 0.290347 0.290347 415.625 133.75 7
0.290347 0.290347 0.290347 440 135 7
0.290347 0.290347 0.290347 480 135 7
1.16806 1.16806 1.16806 18.75 150 7
1.10278 0.265522 0.265522 42.5 135 7
1.0289 0.159613 0.159613 87.5 143.125 7
1.00899 0.0968278 0.0968278 126.25 135.625 7
0.993901 0.993901 0.993901 279.375 150 7
0.992158 0.992158 0.992158 277.5 140 7
0.990036 0.990036 0.990036 289.375 150 7
0.28191 0.28191 0.28191 300 132.5 7
0.28191 0.28191 0.28191 358.75 138.75 7
0.28191 0.28191 0.28191 382.5 136.25 7
0.285074 0.285074 0.285074 400 137.5 7
0.290347 0.290347 0.290347 440 140 7
0.290347 0.290347 0.290347 480 140 7
1.17037 1.17037 1.17037 10.625 153.75 7
1.10761 1.10761 1.10761 179.375 153.75 7
1.10525 1.10525 1.10525 187.5 151.25 7
0.998362 0.998362 0.998362 255 141.25 7
0.995825 0.995825 0.995825 278.75 155 7
0.987404 0.987404 0.987404 296.25 151.25 7
0.984004 0.984004 0.984004 301.25 145 7
0.981788 0.981788 0.981788 309.375 155 7
0.978235 0.978235 0.978235 315.625 151.25 7
0.28191 0.28191 0.28191 330 137.5 7
0.290347 0.290347 0.290347 440.625 145 7
0.290347 0.290347 0.290347 480 145 7
1.16638 1.16638 1.16638 19.375 157.5 7
1.14509 0.316438 0.316438 50 145 7
0.985444 0.0968278 0.0968278 122.5 143.75 7
0.244712 0.0968278 0.0968278 134.375 153.75 7
1.09595 1.09595 1.09595 205 160 7
1.00209 1.00209 1.00209 250 146.25 7
1.00042 1.00042 1.00042 272.5 160 7
0.975479 0.975479 0.975479 322.5 160 7
0.28191 0.28191 0.28191 363.75 146.875 7
0.28191 0.28191 0.28191 382.5 146.25 7
0.28191 0.28191 0.28191 398.75 147.5 7
0.290347 0.290347 0.290347 442.5 150 7
0.290347 0.290347 0.290347 480 150 7
1.14575 0.37244 0.37244 34.375 151.875 7
0.880834 0.0968278 0.0968278 120 150 7
0.937632 0.0968278 0.0968278 147.5 160.625 7
1.10381 1.10381 1.10381 180 165 7
1.00849 1.00849 1.00849 213.75 157.5 7
0.28191 0.28191 0.28191 232.5 153.75 7
1.00563 1.00563 1.00563 265 165 7
1.00331 1.00331 1.00331 270 165 7
0.972799 0.972799 0.972799 327.5 165 7
0.969864 0.969864 0.969864 332.5 165 7
0.96693 0.96693 0.96693 337.5 165 7
0.28191 0.28191 0.28191 400 152.5 7
0.290347 0.290347 0.290347 450 155 7
0.290347 0.290347 0.290347 480 155 7
0.383551 0.341295 0.341295 76.25 162.5 7
0.341579 0.291929 0.291929 83.75 157.5 7
0.324327 0.270893 0.270893 105 169.375 7
0.301234 0.241794 0.241794 108.75 167.5 7
0.265964 0.193942 0.193942 107.5 160 7
0.221239 0.122424 0.122424 117.5 160 7
1.10204 1.10204 1.10204 180 170 7
1.10012 1.10012 1.10012 185 170 7
1.00798 1.00798 1.00798 265 170 7
0.963448 0.963448 0.963448 342.5 170 7
0.960351 0.960351 0.960351 347.5 170 7
0.28191 0.28191 0.28191 376.25 159.375 7
0.28191 0.28191 0.28191 408.75 155.625 7
0.419817 0.382498 0.382498 63.75 164.375 7
0.408012 0.369204 0.369204 80 171.25 7
1.09819 1.09819 1.09819 185 175 7
1.02064 1.02064 1.02064 201.25 173.125 7
0.28191 0.28191 0.28191 226.25 163.75 7
1.01051 1.01051 1.01051 265 175 7
0.998062 0.998062 0.998062 285.625 171.25 7
0.983508 0.983508 0.983508 311.25 175 7
0.957058 0.957058 0.957058 355 165 7
0.28191 0.28191 0.28191 412.5 161.25 7
0.290347 0.290347 0.290347 448.125 162.5 7
0.290347 0.290347 0.290347 470 166.25 7
1.16557 1.16557 1.16557 8.75 175 7
0.453794 0.4202 0.4202 56.25 170 7
0.445728 0.411289 0.411289 70 175.625 7
0.383433 0.341187 0.341187 100 179.375 7
0.281861 0.141443 0.141443 130 172.5 7
0.288425 0.0968278 0.0968278 150 173.75 7
1.10671 1.10671 1.10671 161.25 176.875 7
1.01327 1.01327 1.01327 265 180 7
0.950929 0.950929 0.950929 360 177.5 7
0.947445 0.947445 0.947445 366.875 175 7
0.28191 0.28191 0.28191 391.25 168.125 7
0.28191 0.28191 0.28191 418.75 165.625 7
1.16246 1.16246 1.16246 15 177.5 7
0.472854 0.439737 0.439737 55 175 7
0.282071 0.282071 0.282071 231.875 171.25 7
1.01676 1.01676 1.01676 265 185 7
0.988517 0.988517 0.988517 306.25 185 7
0.942158 0.942158 0.942158 375 176.25 7
0.28191 0.28191 0.28191 422.5 171.25 7
0.289292 0.289292 0.289292 453.125 173.75 7
0.487938 0.457387 0.457387 50 177.5 7
0.404643 0.294702 0.294702 120 187.5 7
0.878219 0.142928 0.142928 140 183.75 7
0.291499 0.291499 0.291499 222.5 176.875 7
1.02107 1.02107 1.02107 252.5 180.625 7
0.992588 0.992588 0.992588 300 182.5 7
0.980248 0.980248 0.980248 317.5 190 7
0.28191 0.28191 0.28191 411.25 176.25 7
0.28191 0.28191 0.28191 431.25 178.125 7
1.15907 1.15907 1.15907 9.375 191.25 7
1.15677 1.15677 1.15677 20 187.5 7
0.509288 0.479564 0.479564 47.5 183.75 7
0.45537 0.421917 0.421917 92.5 195 7
1.03953 1.03953 1.03953 187.5 192.5 7
0.311983 0.287572 0.287572 212.5 182.5 7
0.952961 0.952961 0.952961 350.625 191.25 7
0.937513 0.937513 0.937513 367.5 195 7
0.933448 0.933448 0.933448 372.5 195 7
0.930003 0.930003 0.930003 385 187.5 7
0.28191 0.28191 0.28191 440 182.5 7
0.525313 0.497612 0.497612 46.25 190 7
0.418291 0.380762 0.380762 106.875 195 7
1.09642 1.09642 1.09642 165 196.25 7
1.09246 1.09246 1.09246 175 196.25 7
0.335256 0.241656 0.241656 205 191.875 7
1.03095 1.03095 1.03095 250 188.125 7
0.97506 0.97506 0.97506 322.5 200 7
0.923217 0.923217 0.923217 380 200 7
0.984782 0.984782 0.984782 467.5 184.375 7
0.978079 0.978079 0.978079 481.25 186.875 7
0.973653 0.973653 0.973653 483.75 192.5 7
1.15304 1.15304 1.15304 12.5 201.25 7
0.570235 0.493909 0.493909 67.5 200.625 7
0.476735 0.445229 0.445229 94.375 205 7
1.06377 1.06377 1.06377 183.75 205 7
1.04049 1.04049 1.04049 250 195 7
1.00369 1.00369 1.00369 294.375 201.25 7
0.969444 0.969444 0.969444 330 195 7
0.961548 0.961548 0.961548 334.375 205 7
0.919231 0.919231 0.919231 392.5 195 7
0.911978 0.911978 0.911978 403.75 195 7
0.28191 0.28191 0.28191 438.75 190.625 7
0.963249 0.963249 0.963249 469.375 200 7
0.967993 0.967993 0.967993 490 197.5 7
1.15001 1.15001 1.15001 22.5 200 7
0.541876 0.515398 0.515398 55 201.875 7
0.493896 0.459995 0.459995 93.125 210 7
0.494348 0.324301 0.324301 127.5 202.5 7
1.09855 1.09855 1.09855 145 206.25 7
0.748571 0.31433 0.31433 189.375 209.375 7
0.873553 0.269098 0.269098 206.25 200 7
1.04959 1.04959 1.04959 250 201.25 7
1.02991 1.02991 1.02991 278.75 210 7
1.02263 1.02263 1.02263 283.75 210 7
0.996993 0.996993 0.996993 302.5 206.25 7
0.954715 0.954715 0.954715 340.625 206.25 7
0.943471 0.943471 0.943471 355 202.5 7
0.28191 0.28191 0.28191 443.125 196.25 7
1.14674 1.14674 1.14674 16.25 210 7
0.552253 0.526438 0.526438 48.75 203.125 7
0.569296 0.495337 0.495337 79.375 211.25 7
0.541589 0.389047 0.389047 117.5 210 7
1.06587 1.06587 1.06587 240 205.625 7
1.05811 1.05811 1.05811 250 206.25 7
1.01208 1.01208 1.01208 291.875 208.75 7
0.987561 0.987561 0.987561 311.25 210 7
0.905232 0.905232 0.905232 397.5 205 7
0.89519 0.89519 0.89519 413.75 204.375 7
0.961069 0.961069 0.961069 490 207.5 7
1.14308 1.14308 1.14308 23.75 211.25 7
0.512344 0.483142 0.483142 87.5 212.5 7
1.09397 1.09397 1.09397 145 213.75 7
0.384702 0.322593 0.322593 198.125 213.125 7
1.07591 1.07591 1.07591 238.75 210 7
1.04021 1.04021 1.04021 275 212.5 7
0.925959 0.925959 0.925959 355 217.5 7
0.883676 0.883676 0.883676 421.25 209.375 7
0.28191 0.28191 0.28191 450 204.375 7
1.13862 1.13862 1.13862 25 217.5 7
1.13508 1.13508 1.13508 38.75 215 7
1.09032 1.09032 1.09032 152.5 215 7
1.08567 1.08567 1.08567 157.5 218.75 7
0.390037 0.335955 0.335955 201.875 216.25 7
1.08838 1.08838 1.08838 237.5 215 7
0.967718 0.967718 0.967718 320.625 224.375 7
0.912992 0.912992 0.912992 368.75 216.25 7
0.28191 0.28191 0.28191 452.5 212.5 7
0.947134 0.947134 0.947134 477.5 217.5 7
0.95253 0.95253 0.95253 492.5 217.5 7
1.0648 1.0648 1.0648 166.25 227.5 7
1.1036 1.1036 1.1036 226.25 217.5 7
0.983014 0.983014 0.983014 313.75 225 7
0.899755 0.899755 0.899755 380 217.5 7
0.882242 0.882242 0.882242 391.25 220 7
0.86862 0.86862 0.86862 432.5 215 7
1.12836 1.12836 1.12836 30 228.75 7
1.12501 1.12501 1.12501 37.5 229.375 7
1.08069 1.08069 1.08069 153.75 227.5 7
0.47041 0.420073 0.420073 186.25 228.125 7
1.06562 1.06562 1.06562 274.375 227.5 7
1.05302 1.05302 1.05302 280 233.75 7
0.946948 0.946948 0.946948 330 227.5 7
0.926213 0.926213 0.926213 330 232.5 7
0.870758 0.870758 0.870758 407.5 220 7
0.855189 0.855189 0.855189 433.75 221.25 7
0.856675 0.856675 0.856675 462.5 221.25 7
1.13691 1.13691 1.13691 8.125 228.75 7
1.12119 1.12119 1.12119 46.25 230 7
1.11684 1.11684 1.11684 56.25 230.625 7
1.09667 1.09667 1.09667 107.5 230.625 7
1.08809 1.08809 1.08809 125 232.5 7
1.10034 1.10034 1.10034 170.625 237.5 7
1.12983 1.12983 1.12983 231.25 227.5 7
1.10796 1.10796 1.10796 251.25 228.125 7
1.08534 1.08534 1.08534 267.5 230 7
1.00533 1.00533 1.00533 299.375 234.375 7
0.901287 0.901287 0.901287 352.5 229.375 7
0.874724 0.874724 0.874724 372.5 228.75 7
0.943151 0.943151 0.943151 490 230 7
1.11167 1.11167 1.11167 60 235 7
1.09174 1.09174 1.09174 105 237.5 7
1.15182 1.15182 1.15182 228.75 232.5 7
1.0386 1.0386 1.0386 282.5 240.625 7
0.851431 0.851431 0.851431 405 227.5 7
0.838348 0.838348 0.838348 445 227.5 7
0.839015 0.839015 0.839015 471.25 233.125 7
1.10722 1.10722 1.10722 60 240 7
1.10332 1.10332 1.10332 70 240 7
1.0994 1.0994 1.0994 80 240 7
1.08356 1.08356 1.08356 120 240 7
1.07204 1.07204 1.07204 148.75 240 7
1.17439 1.17439 1.17439 218.75 236.25 7
1.12422 1.12422 1.12422 260 240 7
0.835787 0.835787 0.835787 380 235 7
0.824204 0.824204 0.824204 420 232.5 7
0.822996 0.822996 0.822996 460 235.625 7
0.933983 0.933983 0.933983 490 240 7
1.12517 1.12517 1.12517 7.5 242.5 7
1.07884 1.07884 1.07884 120 245 7
1.07485 1.07485 1.07485 130 245 7
0.87417 0.87417 0.87417 340 238.75 7
0.805128 0.805128 0.805128 400 237.5 7
0.802007 0.802007 0.802007 440 237.5 7
1.11613 1.11613 1.11613 25 245 7
1.09355 1.09355 1.09355 70 250 7
1.08776 1.08776 1.08776 85 250 7
1.06521 1.06521 1.06521 135 252.5 7
1.05171 1.05171 1.05171 154.375 254.375 7
1.20614 1.20614 1.20614 220 242.5 7
0.808575 0.808575 0.808575 350 242.5 7
0.764859 0.764859 0.764859 390 242.5 7
0.76975 0.76975 0.76975 430 242.5 7
0.801417 0.801417 0.801417 469.375 248.75 7
0.922778 0.922778 0.922778 493.125 250 7
1.10884 1.10884 1.10884 20 253.75 7
1.06057 1.06057 1.06057 140 255 7
1.22754 1.22754 1.22754 189.375 255.625 7
0.752861 0.752861 0.752861 325 247.5 7
0.679654 0.679654 0.679654 365 247.5 7
0.70061 0.70061 0.70061 405 247.5 7
0.749299 0.749299 0.749299 445 247.5 7
0.775429 0.775429 0.775429 478.125 265 7
0.89653 0.89653 0.89653 487.5 262.5 7
1.10894 1.10894 1.10894 20 253.75 7
1.09804 1.09804 1.09804 45 255 7
1.08455 1.08455 1.08455 65 260 7
1.07865 1.07865 1.07865 80 260 7
1.06986 1.06986 1.06986 110 257.5 7
1.07435 1.07435 1.07435 163.75 270 7
1.28315 1.28315 1.28315 210 256.875 7
0.375423 0.345816 0.620441 266.25 262.5 7
0.364352 0.333549 0.6146 272.5 260 7
0.352434 0.320243 0.60847 282.5 260 7
0.339803 0.306013 0.602159 292.5 260 7
0.326385 0.290728 0.595667 302.5 260 7
0.319386 0.28268 0.592368 320 270 7
0.311849 0.273948 0.588886 325 270 7
0.304043 0.264825 0.585355 330 270 7
0.295942 0.255266 0.581775 335 270 7
0.28752 0.245215 0.578143 340 270 7
0.278742 0.234605 0.574459 345 270 7
0.269571 0.223351 0.570719 350 270 7
0.259959 0.211346 0.566923 355 270 7
0.249849 0.198446 0.563066 360 270 7
0.239172 0.184462 0.559148 365 270 7
0.227839 0.169122 0.555163 370 270 7
0.215738 0.152028 0.551108 375 270 7
0.207514 0.139884 0.54847 380 252.5 7
0.207514 0.139884 0.54847 395 257.5 7
0.669759 0.669759 0.669759 430 252.5 7
0.744038 0.744038 0.744038 466.25 256.875 7
1.07265 1.07265 1.07265 80 265 7
1.05305 1.05305 1.05305 130 265 7
1.10792 1.10792 1.10792 166.875 273.125 7
0.404281 0.377427 0.636317 242.5 265 7
0.394266 0.36651 0.630702 256.25 267.5 7
0.385151 0.356529 0.625686 265 267.5 7
0.207514 0.139884 0.54847 376.25 261.25 7
0.207514 0.139884 0.54847 417.5 259.375 7
0.592815 0.592815 0.592815 450 264.375 7
0.663794 0.663794 0.663794 455 260.625 7
0.685292 0.685292 0.685292 472.5 271.25 7
0.900006 0.900006 0.900006 493.125 270 7
1.09914 1.09914 1.09914 15 263.75 7
1.09007 1.09007 1.09007 35 265 7
1.07976 1.07976 1.07976 45 270 7
1.06579 1.06579 1.06579 90 267.5 7
1.05741 1.05741 1.05741 107.5 268.75 7
1.04613 1.04613 1.04613 140 267.5 7
0.425748 0.40066 0.648706 227.5 270 7
0.41678 0.390981 0.643471 237.5 270 7
0.207514 0.139884 0.54847 397.5 265 7
0.207514 0.139884 0.54847 423.75 265.625 7
1.09041 1.09041 1.09041 7.5 272.5 7
1.03974 1.03974 1.03974 140 272.5 7
0.441284 0.417352 0.65796 218.75 275.625 7
0.44176 0.417851 0.658275 211.25 271.875 7
0.406512 0.37985 0.637584 270 285 7
0.207514 0.139884 0.54847 411.25 273.125 7
0.207514 0.139884 0.54847 437.5 271.25 7
1.07781 1.07781 1.07781 27.5 276.25 7
1.06766 1.06766 1.06766 50 277.5 7
1.06009 1.06009 1.06009 70 277.5 7
1.05168 1.05168 1.05168 87.5 278.75 7
1.033 1.033 1.033 140 277.5 7
0.456067 0.433148 0.66699 205 278.75 7
0.37358 0.343781 0.619457 292.5 280 7
0.367153 0.336663 0.61606 310 290 7
0.36061 0.329387 0.612653 315 290 7
0.353883 0.321871 0.609201 320 290 7
0.346958 0.314096 0.605704 325 290 7
0.339823 0.306041 0.602161 330 290 7
0.332462 0.29768 0.598571 335 290 7
0.207514 0.139884 0.54847 391.25 276.25 7
0.207514 0.139884 0.54847 450 275 7
1.07217 1.07217 1.07217 9.375 284.375 7
1.04332 1.04332 1.04332 90 283.75 7
1.03759 1.03759 1.03759 110 282.5 7
1.02591 1.02591 1.02591 140 282.5 7
0.466917 0.444694 0.673751 192.5 280.625 7
0.414754 0.388789 0.642298 262.5 285 7
0.393613 0.3658 0.630335 290 291.25 7
0.207514 0.139884 0.54847 417.5 279.375 7
0.207514 0.139884 0.54847 457.5 281.25 7
0.87913 0.87913 0.87913 493.125 286.25 7
1.06456 1.06456 1.06456 22.5 286.25 7
1.05459 1.05459 1.05459 50 286.25 7
1.04232 1.04232 1.04232 55 292.5 7
1.01845 1.01845 1.01845 140 287.5 7
0.477169 0.455569 0.680238 185 285 7
0.459451 0.436752 0.669088 223.75 291.25 7
0.452079 0.428893 0.664536 240 296.25 7
0.436529 0.412253 0.655102 251.25 292.5 7
0.427064 0.402078 0.649477 257.5 290 7
0.384488 0.355802 0.625322 302.5 295 7
0.207514 0.139884 0.54847 408.75 286.25 7
0.207514 0.139884 0.54847 435 285 7
0.207514 0.139884 0.54847 465 287.5 7
1.03547 1.03547 1.03547 80 291.25 7
1.02586 1.02586 1.02586 100 292.5 7
1.01061 1.01061 1.01061 140 292.5 7
0.487319 0.466308 0.686754 186.25 293.125 7
0.469605 0.447548 0.675444 217.5 295 7
0.4448 0.421116 0.660089 250 297.5 7
0.407755 0.381204 0.638284 295 305 7
0.401928 0.374869 0.634983 300 305 7
0.207514 0.139884 0.54847 431.25 293.125 7
0.803675 0.803675 0.803675 483.125 296.875 7
1.05268 1.05268 1.05268 15 295 7
1.04561 1.04561 1.04561 35 295 7
1.01749 1.01749 1.01749 100 297.5 7
1.00467 1.00467 1.00467 149.375 295.625 7
0.494066 0.473431 0.691134 185 298.125 7
0.479241 0.457764 0.68156 212.5 299.375 7
0.377992 0.348654 0.621809 325 310 7
0.326739 0.291144 0.595824 360 310 7
0.318393 0.281544 0.591895 365 310 7
0.309717 0.271475 0.587904 370 310 7
0.300673 0.26087 0.583847 375 310 7
0.291219 0.249653 0.57972 380 310 7
0.281302 0.237721 0.575518 385 310 7
0.270859 0.224946 0.571236 390 310 7
0.259811 0.211155 0.566868 395 310 7
0.248058 0.19611 0.562405 400 310 7
0.235471 0.179469 0.557841 405 310 7
0.221877 0.160701 0.553164 410 310 7
0.210516 0.144338 0.549429 407.5 296.25 7
0.207514 0.139884 0.54847 436.25 297.5 7
0.207514 0.139884 0.54847 463.75 295.625 7
0.855467 0.855467 0.855467 492.5 302.5 7
1.02964 1.02964 1.02964 55 300 7
1.01967 1.01967 1.01967 70 302.5 7
1.0087 1.0087 1.0087 100 302.5 7
0.993767 0.993767 0.993767 140 302.5 7
0.500472 0.480183 0.69533 185 303.125 7
0.487041 0.466013 0.686575 216.25 307.5 7
0.427159 0.402182 0.649531 290 315 7
0.417777 0.392061 0.644042 292.5 310 7
0.207514 0.139884 0.54847 418.75 303.75 7
0.207514 0.139884 0.54847 465 301.875 7
1.03672 1.03672 1.03672 15 303.75 7
1.02346 1.02346 1.02346 32.5 307.5 7
1.00054 1.00054 1.00054 110 305 7
0.984738 0.984738 0.984738 140 307.5 7
0.973141 0.973141 0.973141 155 310 7
0.506693 0.48673 0.699437 185 308.125 7
0.473872 0.452075 0.678141 240 312.5 7
0.463866 0.44145 0.67184 247.5 310 7
0.439209 0.415128 0.656709 285 320 7
0.433794 0.409318 0.653466 290 320 7
0.392303 0.364369 0.629607 325 320 7
0.207514 0.139884 0.54847 442.5 305 7
0.207514 0.139884 0.54847 460 310 7
1.01999 1.01999 1.01999 8.75 313.125 7
1.01344 1.01344 1.01344 40 311.25 7
1.00395 1.00395 1.00395 60 312.5 7
0.989843 0.989843 0.989843 100 312.5 7
0.512722 0.493066 0.703449 185 313.125 7
0.495814 0.475274 0.692277 221.25 317.5 7
0.451829 0.428627 0.66438 270 317.5 7
0.207514 0.139884 0.54847 460 315 7
0.836224 0.836224 0.836224 490 315 7
0.995469 0.995469 0.995469 70 315 7
0.979329 0.979329 0.979329 101.25 317.5 7
0.972207 0.972207 0.972207 121.25 317.5 7
0.962556 0.962556 0.962556 126.25 321.25 7
0.958464 0.958464 0.958464 145 320 7
0.518546 0.499179 0.707352 185 318.125 7
0.50563 0.48561 0.69874 222.5 325 7
0.48354 0.462312 0.684321 247.5 323.75 7
0.446654 0.423099 0.661215 290 330 7
0.399544 0.372275 0.633639 330 330 7
0.386294 0.357786 0.626304 340 330 7
0.372302 0.342372 0.618771 350 330 7
0.364992 0.334267 0.614924 355 330 7
0.357451 0.325865 0.611021 360 330 7
0.349658 0.317135 0.607057 365 330 7
0.341589 0.308041 0.60303 370 330 7
0.333218 0.298541 0.598936 375 330 7
0.207514 0.139884 0.54847 431.25 313.75 7
0.207514 0.139884 0.54847 460 320 7
0.998871 0.998871 0.998871 15.625 321.875 7
0.995937 0.995937 0.995937 37.5 320 7
0.9812 0.9812 0.9812 65 322.5 7
0.947974 0.947974 0.947974 145 325 7
0.52612 0.507117 0.712472 176.25 322.5 7
0.51269 0.493031 0.703432 215 327.5 7
0.50936 0.4895 0.701326 241.25 328.125 7
0.459974 0.43731 0.669411 277.5 330 7
0.424676 0.399508 0.648067 315 335 7
0.207514 0.139884 0.54847 431.25 323.75 7
0.207514 0.139884 0.54847 460 325 7
0.820313 0.820313 0.820313 485.625 325 7
0.968729 0.968729 0.968729 68.75 327.5 7
0.962058 0.962058 0.962058 88.75 327.5 7
0.937048 0.937048 0.937048 145 330 7
0.525444 0.50641 0.712012 200 330 7
0.475475 0.453775 0.679159 275 340 7
0.466571 0.444326 0.673532 280 337.5 7
0.807985 0.807985 0.807985 487.5 331.25 7
0.984542 0.984542 0.984542 20 327.5 7
0.969268 0.969268 0.969268 30 332.5 7
0.950105 0.950105 0.950105 90 332.5 7
0.941396 0.941396 0.941396 107.5 333.75 7
0.925679 0.925679 0.925679 145 335 7
0.917623 0.917623 0.917623 154.375 336.25 7
0.533374 0.514711 0.717413 190 333.125 7
0.523604 0.50448 0.710769 219.375 338.75 7
0.418953 0.393333 0.644723 330 345 7
0.412592 0.386452 0.641047 335 345 7
0.406071 0.379377 0.637322 340 345 7
0.207514 0.139884 0.54847 457.5 331.25 7
0.966678 0.966678 0.966678 7.5 336.25 7
0.957046 0.957046 0.957046 50 335 7
0.927061 0.927061 0.927061 105 340 7
0.540641 0.522306 0.722408 181.25 337.5 7
0.492181 0.471431 0.689944 275 346.25 7
0.454596 0.43158 0.66608 305 350 7
0.381079 0.352054 0.623473 362.5 350 7
0.321741 0.285399 0.593467 397.5 350 7
0.311652 0.273719 0.588795 402.5 350 7
0.300973 0.261209 0.583993 407.5 350 7
0.289598 0.247688 0.579044 412.5 350 7
0.277509 0.233067 0.573972 416.25 347.5 7
0.262565 0.214551 0.567977 417.5 340 7
0.238506 0.183481 0.558941 431.25 350 7
0.221618 0.160232 0.553104 436.25 349.375 7
0.210074 0.143643 0.549296 439.375 337.5 7
0.207514 0.139884 0.54847 462.5 338.75 7
0.792822 0.792822 0.792822 482.5 340 7
0.950508 0.950508 0.950508 30 340 7
0.938355 0.938355 0.938355 70 340 7
0.91449 0.91449 0.91449 105 345 7
0.904232 0.904232 0.904232 151.25 343.125 7
0.538762 0.520343 0.721111 210 348.125 7
0.541701 0.523406 0.723169 231.25 350 7
0.607174 0.591389 0.770102 255 341.25 7
0.431123 0.406449 0.651873 330 355 7
0.780702 0.780702 0.780702 480.625 346.25 7
0.937314 0.937314 0.937314 30 345 7
0.925501 0.925501 0.925501 70 345 7
0.904975 0.904975 0.904975 115 347.5 7
0.89285 0.89285 0.89285 162.5 346.25 7
0.548416 0.530422 0.727794 195 350 7
0.544422 0.526253 0.72502 212.5 355 7
0.589947 0.573446 0.758029 240 360 7
0.7769 0.765338 0.903911 246.25 348.75 7
0.515466 0.495937 0.705324 278.75 360 7
0.471643 0.449712 0.676726 300 360 7
0.443072 0.419267 0.659038 325 360 7
0.436983 0.412742 0.655369 330 360 7
0.391696 0.363704 0.629273 363.75 360 7
0.207514 0.139884 0.54847 453.75 346.25 7
0.76958 0.76958 0.76958 490 350 7
0.928444 0.928444 0.928444 12.5 350 7
0.917983 0.917983 0.917983 50 350 7
0.902519 0.902519 0.902519 67.5 353.75 7
0.891796 0.891796 0.891796 115 352.5 7
0.874906 0.874906 0.874906 163.75 353.125 7
0.552384 0.534559 0.73056 191.25 353.125 7
0.460464 0.437833 0.669714 315 365 7
0.90945 0.90945 0.90945 30 355 7
0.88978 0.88978 0.88978 75 357.5 7
0.881854 0.881854 0.881854 131.25 354.375 7
0.720346 0.707644 0.857704 265.625 364.375 7
0.448248 0.424803 0.662186 330 370 7
0.399015 0.371697 0.633345 365 367.5 7
0.37642 0.346919 0.620968 381.25 370 7
0.367991 0.337595 0.616497 386.25 370 7
0.35919 0.327805 0.611917 391.25 370 7
0.349964 0.317477 0.607214 396.25 370 7
0.340245 0.306517 0.602371 401.25 370 7
0.329941 0.294799 0.597363 406.25 370 7
0.258004 0.20879 0.566208 432.5 365 7
0.207514 0.139884 0.54847 452.5 355.625 7
0.757514 0.757514 0.757514 470 358.75 7
0.899269 0.899269 0.899269 12.5 360 7
0.88717 0.88717 0.88717 30 362.5 7
0.87707 0.87707 0.87707 95 360 7
0.865456 0.865456 0.865456 128.75 360.625 7
0.859063 0.859063 0.859063 161.25 359.375 7
0.558097 0.540511 0.734563 197.5 361.875 7
0.562913 0.545467 0.73821 270 371.25 7
0.465529 0.44322 0.672878 320 375 7
0.424831 0.399675 0.648159 352.5 375 7
0.875548 0.875548 0.875548 38.75 365.625 7
0.868022 0.868022 0.868022 75 365 7
0.853579 0.853579 0.853579 93.75 368.125 7
0.848277 0.848277 0.848277 126.25 366.875 7
0.84383 0.84383 0.84383 160 365 7
0.830911 0.830911 0.830911 167.5 368.75 7
0.56242 0.545011 0.737608 195 367.5 7
0.549987 0.53206 0.728887 232.5 375 7
0.487928 0.466952 0.687145 305 380 7
0.476457 0.454816 0.679782 315 380 7
0.207589 0.133046 0.561491 450.625 371.875 7
0.864202 0.864202 0.864202 12.5 371.25 7
0.857962 0.857962 0.857962 55 370 7
0.830396 0.830396 0.830396 123.75 373.125 7
0.816442 0.816442 0.816442 173.75 373.125 7
0.560313 0.542818 0.736122 230 385 7
0.554794 0.537071 0.732245 235 382.5 7
0.541987 0.523712 0.723335 246.25 377.5 7
0.560245 0.54268 0.736372 257.5 378.75 7
0.492925 0.472227 0.690389 305 385 7
0.481473 0.460127 0.682988 315 385 7
0.416651 0.390843 0.643392 362.5 380 7
0.40831 0.381808 0.638598 371.25 385 7
0.844543 0.844543 0.844543 45 375 7
0.831534 0.831534 0.831534 82.5 376.25 7
0.82639 0.82639 0.82639 102.5 376.25 7
0.815281 0.815281 0.815281 130 377.5 7
0.567113 0.549894 0.740929 212.5 380.625 7
0.532783 0.514092 0.717011 273.75 387.5 7
0.497588 0.477144 0.693435 305 390 7
0.452336 0.429168 0.66469 342.5 388.75 7
0.384013 0.355279 0.625066 388.75 390 7
0.315218 0.277839 0.590454 419.375 389.375 7
0.295969 0.255226 0.581844 425 380 7
0.254997 0.204451 0.565282 436.25 379.375 7
0.196975 0.096975 0.596975 480 372.5 7
0.838444 0.838444 0.838444 17.5 378.75 7
0.825956 0.825956 0.825956 55 380 7
0.803396 0.803396 0.803396 138.75 380.625 7
0.798553 0.798553 0.798553 171.25 379.375 7
0.785323 0.785323 0.785323 185 382.5 7
0.571023 0.553959 0.743708 208.75 385.625 7
0.564549 0.547227 0.739112 235 395 7
0.518154 0.498768 0.707089 290.625 395 7
0.502039 0.481833 0.696361 305 395 7
0.196975 0.096975 0.596975 480 377.5 7
0.819592 0.819592 0.819592 16.25 384.375 7
0.807521 0.807521 0.807521 53.75 385.625 7
0.806175 0.806175 0.806175 87.5 383.75 7
0.784207 0.784207 0.784207 136.25 386.875 7
0.545257 0.527126 0.725598 265 400 7
0.523418 0.504288 0.710638 288.75 400 7
0.511701 0.491993 0.702768 300 400 7
0.50635 0.486369 0.699211 305 400 7
0.46955 0.447491 0.675406 336.875 400 7
0.439446 0.415382 0.656851 359.375 400 7
0.43133 0.406669 0.652001 362.5 395 7
0.196975 0.096975 0.596975 465 382.5 7
0.196975 0.096975 0.596975 491.25 386.25 7
0.788557 0.788557 0.788557 52.5 391.25 7
0.785962 0.785962 0.785962 85 390 7
0.780326 0.780326 0.780326 110 390 7
0.772497 0.772497 0.772497 151.25 389.375 7
0.759063 0.759063 0.759063 165 392.5 7
0.761162 0.761162 0.761162 196.25 389.375 7
0.55944 0.541909 0.735509 251.25 404.375 7
0.457318 0.434481 0.667764 349.375 405 7
0.401396 0.374292 0.634681 385 405 7
0.389067 0.360817 0.627841 391.25 403.75 7
0.196975 0.096975 0.596975 460 387.5 7
0.772144 0.772144 0.772144 46.875 396.25 7
0.765117 0.765117 0.765117 82.5 396.25 7
0.755764 0.755764 0.755764 116.25 396.875 7
0.571459 0.554411 0.744019 228.125 401.875 7
0.549542 0.531596 0.728576 268.125 410 7
0.531846 0.513111 0.716375 282.5 402.5 7
0.365926 0.33529 0.615437 402.5 400 7
0.340993 0.30733 0.602783 412.5 397.5 7
0.230029 0.151449 0.589555 440.625 393.125 7
0.196975 0.096975 0.596975 480 393.125 7
0.196975 0.096975 0.596975 18.75 398.125 7
0.745673 0.745673 0.745673 81.25 401.875 7
0.744045 0.744045 0.744045 131.25 399.375 7
0.730476 0.730476 0.730476 145 402.5 7
0.539164 0.520763 0.721388 283.125 415 7
0.420489 0.39499 0.645621 376.25 411.25 7
0.196975 0.096975 0.596975 450 397.5 7
0.196975 0.096975 0.596975 485 400 7
0.196975 0.096975 0.596975 12.5 405 7
0.196975 0.096975 0.596975 48.75 403.125 7
0.196975 0.096975 0.596975 203.75 405.625 7
0.485653 0.464547 0.685677 333.75 416.25 7
0.462285 0.439769 0.670855 351.875 418.75 7
0.447012 0.423481 0.661435 361.25 416.25 7
0.196975 0.096975 0.596975 445 402.5 7
0.196975 0.096975 0.596975 482.5 405 7
0.196975 0.096975 0.596975 11.875 411.875 7
0.196975 0.096975 0.596975 38.75 408.125 7
0.196975 0.096975 0.596975 80 407.5 7
0.196975 0.096975 0.596975 167.5 410 7
0.196975 0.096975 0.596975 207.5 410.625 7
0.47822 0.456683 0.680908 340.625 421.25 7
0.304804 0.241735 0.619023 386.25 421.25 7
0.196975 0.096975 0.596975 435 407.5 7
0.196975 0.096975 0.596975 467.5 409.375 7
0.196975 0.096975 0.596975 480 414.375 7
0.196975 0.096975 0.596975 32.5 416.875 7
0.196975 0.096975 0.596975 70 412.5 7
0.196975 0.096975 0.596975 110 412.5 7
0.196975 0.096975 0.596975 135 415 7
0.196975 0.096975 0.596975 175 415 7
0.196975 0.096975 0.596975 217.5 415 7
0.519668 0.500356 0.708109 308.75 424.375 7
0.455494 0.424859 0.678429 330.625 428.75 7
0.375492 0.332199 0.639888 370.625 424.375 7
0.237633 0.154791 0.600775 420 412.5 7
0.196975 0.096975 0.596975 440 415 7
0.196975 0.096975 0.596975 480 420 7
0.196975 0.096975 0.596975 12.5 420 7
0.196975 0.096975 0.596975 60 417.5 7
0.196975 0.096975 0.596975 100 417.5 7
0.196975 0.096975 0.596975 145 420 7
0.196975 0.096975 0.596975 185 420 7
0.196975 0.096975 0.596975 225 420 7
0.519692 0.500373 0.708153 308.125 430.625 7
0.221382 0.13039 0.601049 403.125 419.375 7
0.196975 0.096975 0.596975 442.5 420 7
0.196975 0.096975 0.596975 480 425 7
0.196975 0.096975 0.596975 50 422.5 7
0.196975 0.096975 0.596975 90 422.5 7
0.196975 0.096975 0.596975 115 425 7
0.196975 0.096975 0.596975 155 425 7
0.196975 0.096975 0.596975 195 425 7
0.196975 0.096975 0.596975 235 425 7
0.334025 0.273042 0.636675 349.375 433.125 7
0.196975 0.096975 0.596975 412.5 425 7
0.196975 0.096975 0.596975 452.5 425 7
0.196975 0.096975 0.596975 480 430 7
0.196975 0.096975 0.596975 20 427.5 7
0.196975 0.096975 0.596975 60 427.5 7
0.196975 0.096975 0.596975 80 430 7
0.196975 0.096975 0.596975 120 430 7
0.196975 0.096975 0.596975 160 430 7
0.196975 0.096975 0.596975 200 430 7
0.196975 0.096975 0.596975 252.5 430 7
0.196975 0.096975 0.596975 427.5 430 7
0.196975 0.096975 0.596975 480 435 7
0.196975 0.096975 0.596975 20 432.5 7
0.196975 0.096975 0.596975 40 435 7
0.196975 0.096975 0.596975 80 435 7
0.196975 0.096975 0.596975 120 435 7
0.196975 0.096975 0.596975 160 435 7
0.196975 0.096975 0.596975 220 432.5 7
0.196975 0.096975 0.596975 230 437.5 7
0.196975 0.096975 0.596975 265 435 7
0.196975 0.096975 0.596975 395 432.5 7
0.196975 0.096975 0.596975 447.5 434.375 7
0.196975 0.096975 0.596975 480 440 7
0.196975 0.096975 0.596975 10 440 7
0.196975 0.096975 0.596975 40 440 7
0.196975 0.096975 0.596975 80 440 7
0.196975 0.096975 0.596975 120 440 7
0.196975 0.096975 0.596975 180 437.5 7
0.196975 0.096975 0.596975 200 440 7
0.196975 0.096975 0.596975 227.5 443.75 7
0.196975 0.096975 0.596975 288.75 438.125 7
0.196975 0.096975 0.596975 380 437.5 7
0.196975 0.096975 0.596975 420 437.5 7
0.196975 0.096975 0.596975 440 443.125 7
0.196975 0.096975 0.596975 480 445 7
0.196975 0.096975 0.596975 40 445 7
0.196975 0.096975 0.596975 80 445 7
0.196975 0.096975 0.596975 140 442.5 7
0.196975 0.096975 0.596975 160 445 7
0.196975 0.096975 0.596975 190 447.5 7
0.196975 0.096975 0.596975 260 442.5 7
0.196975 0.096975 0.596975 282.5 446.25 7
0.196975 0.096975 0.596975 312.5 445 7
0.196975 0.096975 0.596975 350 442.5 7
0.196975 0.096975 0.596975 390 442.5 7
0.196975 0.096975 0.596975 415 445 7
0.196975 0.096975 0.596975 440 448.125 7
0.196975 0.096975 0.596975 480 450 7
0.196975 0.096975 0.596975 10 450 7
0.196975 0.096975 0.596975 40 450 7
0.196975 0.096975 0.596975 100 447.5 7
0.196975 0.096975 0.596975 120 450 7
0.196975 0.096975 0.596975 160 450 7
0.196975 0.096975 0.596975 207.5 451.25 7
0.196975 0.096975 0.596975 250 447.5 7
0.196975 0.096975 0.596975 295 450 7
0.196975 0.096975 0.596975 340 447.5 7
0.196975 0.096975 0.596975 380 447.5 7
0.196975 0.096975 0.596975 440 453.125 7
0.196975 0.096975 0.596975 480 455 7
0.196975 0.096975 0.596975 60 452.5 7
0.196975 0.096975 0.596975 80 455 7
0.196975 0.096975 0.596975 120 455 7
0.196975 0.096975 0.596975 170 455 7
0.196975 0.096975 0.596975 190 457.5 7
0.196975 0.096975 0.596975 240 452.5 7
0.196975 0.096975 0.596975 262.5 456.25 7
0.196975 0.096975 0.596975 287.5 457.5 7
0.196975 0.096975 0.596975 330 452.5 7
0.196975 0.096975 0.596975 370 452.5 7
0.196975 0.096975 0.596975 405 453.75 7
0.196975 0.096975 0.596975 440 458.125 7
0.196975 0.096975 0.596975 480 460 7
0.196975 0.096975 0.596975 20 457.5 7
0.196975 0.096975 0.596975 40 460 7
0.196975 0.096975 0.596975 80 460 7
0.196975 0.096975 0.596975 135 458.75 7
0.196975 0.096975 0.596975 150 462.5 7
0.196975 0.096975 0.596975 187.5 463.75 7
0.196975 0.096975 0.596975 230 457.5 7
0.196975 0.096975 0.596975 320 457.5 7
0.196975 0.096975 0.596975 360 457.5 7
0.196975 0.096975 0.596975 400 458.75 7
0.196975 0.096975 0.596975 440 463.125 7
0.196975 0.096975 0.596975 480 465 7
0.196975 0.096975 0.596975 10 465 7
0.196975 0.096975 0.596975 40 465 7
0.196975 0.096975 0.596975 100 462.5 7
0.196975 0.096975 0.596975 110 467.5 7
0.196975 0.096975 0.596975 150 467.5 7
0.196975 0.096975 0.596975 220 462.5 7
0.196975 0.096975 0.596975 242.5 466.25 7
0.196975 0.096975 0.596975 272.5 465 7
0.196975 0.096975 0.596975 310 462.5 7
0.196975 0.096975 0.596975 350 462.5 7
0.196975 0.096975 0.596975 385 463.75 7
0.196975 0.096975 0.596975 400 467.5 7
0.196975 0.096975 0.596975 440 468.125 7
0.196975 0.096975 0.596975 480 470 7
0.196975 0.096975 0.596975 60 467.5 7
0.196975 0.096975 0.596975 80 470 7
0.196975 0.096975 0.596975 110 472.5 7
0.196975 0.096975 0.596975 167.5 471.25 7
0.196975 0.096975 0.596975 210 467.5 7
0.196975 0.096975 0.596975 255 470 7
0.196975 0.096975 0.596975 300 467.5 7
0.196975 0.096975 0.596975 340 467.5 7
0.196975 0.096975 0.596975 365 470 7
0.196975 0.096975 0.596975 400 472.5 7
0.196975 0.096975 0.596975 440 473.125 7
0.196975 0.096975 0.596975 480 477.5 7
0.196975 0.096975 0.596975 20 472.5 7
0.196975 0.096975 0.596975 40 475 7
0.196975 0.096975 0.596975 70 477.5 7
0.196975 0.096975 0.596975 130 475 7
0.196975 0.096975 0.596975 150 477.5 7
0.196975 0.096975 0.596975 200 472.5 7
0.196975 0.096975 0.596975 222.5 476.25 7
0.196975 0.096975 0.596975 247.5 477.5 7
0.196975 0.096975 0.596975 290 472.5 7
0.196975 0.096975 0.596975 330 472.5 7
0.196975 0.096975 0.596975 360 476.25 7
0.196975 0.096975 0.596975 400 477.5 7
0.196975 0.096975 0.596975 440 478.125 7
0.196975 0.096975 0.596975 10 480 7
0.196975 0.096975 0.596975 40 480 7
0.196975 0.096975 0.596975 90 480 7
0.196975 0.096975 0.596975 110 482.5 7
0.196975 0.096975 0.596975 147.5 483.75 7
0.196975 0.096975 0.596975 190 477.5 7
0.196975 0.096975 0.596975 280 477.5 7
0.196975 0.096975 0.596975 320 477.5 7
0.196975 0.096975 0.596975 360 482.5 7
0.196975 0.096975 0.596975 400 482.5 7
0.196975 0.096975 0.596975 440 483.125 7
0.196975 0.096975 0.596975 50 485 7
0.196975 0.096975 0.596975 70 490 7
0.196975 0.096975 0.596975 180 482.5 7
0.196975 0.096975 0.596975 232.5 485 7
0.196975 0.096975 0.596975 270 482.5 7
0.196975 0.096975 0.596975 310 482.5 7
0.196975 0.096975 0.596975 335 485 7
0.196975 0.096975 0.596975 360 490 7
0.196975 0.096975 0.596975 400 490 7
0.196975 0.096975 0.596975 445 489.375 7
0.196975 0.096975 0.596975 460 493.125 7
0.196975 0.096975 0.596975 7.5 491.25 7
0.196975 0.096975 0.596975 90 492.5 7
0.196975 0.096975 0.596975 130 491.25 7
0.196975 0.096975 0.596975 188.75 488.125 7
0.196975 0.096975 0.596975 218.75 490.625 7
0.196975 0.096975 0.596975 260 487.5 7
0.196975 0.096975 0.596975 300 487.5 7
0.196975 0.096975 0.596975 30 495 7
0.196975 0.096975 0.596975 105 496.25 7
0.196975 0.096975 0.596975 155 493.75 7
0.196975 0.096975 0.596975 178.75 495.625 7
0.196975 0.096975 0.596975 250 492.5 7
0.196975 0.096975 0.596975 290 492.5 7
0.196975 0.096975 0.596975 325 493.75 7
0.196975 0.096975 0.596975 415 496.25 7
0.196975 0.096975 0.596975 240 497.5 7
0.196975 0.096975 0.596975 280 497.5 7
0.737727 0.737727 0.737727 463.929 368.214 6
1.0188 1.0188 1.0188 491.389 55.2778 8
0.28566 0.28566 0.28566 248.611 130.278 8
0.290347 0.290347 0.290347 478.611 171.944 8
0.72318 0.72318 0.72318 115.278 406.389 8
0.196975 0.096975 0.596975 478.611 491.944 8
