500 280
0.465488 0.363712 0 127.5 2.5 0
0.755002 0.608899 0.316693 172.5 2.5 0
0.425713 0.264499 0.0432967 177.5 2.5 0
0.530931 0.384564 0.262024 282.5 2.5 0
0.637087 0.465017 0.120877 287.5 2.5 0
0.399119 0.326349 0.0693795 487.5 2.5 0
0.656474 0.537986 0.182523 92.5 7.5 0
0.463408 0.367274 0 137.5 7.5 0
0.431968 0.269925 0 167.5 7.5 0
0.64468 0.482249 0.138498 182.5 7.5 0
0.473255 0.337784 0.205877 257.5 7.5 0
0.491795 0.335698 0.0574364 287.5 7.5 0
0.405482 0.326668 0 37.5 12.5 0
0.478325 0.37668 0 92.5 12.5 0
0.824809 0.717157 0.333199 107.5 12.5 0
0.743933 0.630427 0.216678 122.5 12.5 0
0.943192 0.861316 0.347728 137.5 12.5 0
0.782768 0.623717 0.229876 162.5 12.5 0
0.554229 0.383128 0.261457 187.5 12.5 0
0.682442 0.545473 0.419609 232.5 12.5 0
0.310159 0.238329 0.00616709 497.5 12.5 0
0.597371 0.505563 0.128835 37.5 17.5 0
0.756048 0.667955 0.167583 92.5 17.5 0
0.483476 0.358252 0 122.5 17.5 0
0.437564 0.318347 0 132.5 17.5 0
0.647084 0.479405 0.0411533 162.5 17.5 0
0.281855 0.132961 0 197.5 17.5 0
0.365015 0.18212 0.0411384 202.5 17.5 0
0.361298 0.286436 0.20783 227.5 17.5 0
0.24143 0.0971577 0 257.5 17.5 0
0.284529 0.116523 0 317.5 17.5 0
0.299149 0.20176 0 47.5 22.5 0
0.368383 0.137944 0 167.5 22.5 0
0.308893 0.195443 0.112246 222.5 22.5 0
0.477594 0.395205 0.301582 232.5 22.5 0
0.397708 0.253473 0.0204046 312.5 22.5 0
0.420319 0.240569 0.012125 322.5 22.5 0
0.305215 0.186974 0 382.5 22.5 0
0.667635 0.569839 0.200739 32.5 27.5 0
0.697986 0.596978 0.202722 47.5 27.5 0
0.676219 0.57134 0.108425 102.5 27.5 0
0.54941 0.387965 0 157.5 27.5 0
0.66799 0.451759 0.328198 167.5 27.5 0
0.526591 0.352396 0.17046 182.5 27.5 0
0.238575 0.132137 0.0561103 222.5 27.5 0
0.341053 0.269537 0.160381 232.5 27.5 0
0.469742 0.356668 0.229887 292.5 27.5 0
0.304838 0.143603 0.00540893 302.5 27.5 0
0.567135 0.424165 0.141551 307.5 27.5 0
0.310592 0.159229 0.0257383 312.5 27.5 0
0.357545 0.245015 0 372.5 27.5 0
0.6065 0.505994 0.157016 387.5 27.5 0
0.388241 0.290143 0 32.5 32.5 0
0.322852 0.124691 0 172.5 32.5 0
0.46589 0.33243 0.215652 307.5 32.5 0
0.587338 0.446067 0.0489787 137.5 37.5 0
0.43506 0.315664 0.17316 217.5 37.5 0
0.466729 0.337808 0 357.5 37.5 0
0.561937 0.454964 0.12856 397.5 37.5 0
0.92004 0.77758 0.330949 142.5 42.5 0
0.318434 0.153776 0 177.5 42.5 0
0.520648 0.358932 0.225966 272.5 42.5 0
0.469167 0.308899 0.130824 277.5 42.5 0
0.336071 0.199024 0 297.5 42.5 0
0.528736 0.393088 0.169269 302.5 42.5 0
0.844804 0.737414 0.445448 307.5 42.5 0
0.50986 0.400284 0.141287 312.5 42.5 0
0.454361 0.303497 0.0138334 337.5 42.5 0
0.450193 0.318017 0.0334561 367.5 42.5 0
0.660441 0.486642 0.0695242 142.5 47.5 0
0.316808 0.136643 0 272.5 47.5 0
0.469171 0.30644 0.0214371 282.5 47.5 0
0.856437 0.785055 0.336364 302.5 47.5 0
0.235115 0.132061 0 327.5 47.5 0
0.309488 0.163136 0 342.5 47.5 0
0.314197 0.216266 0 42.5 52.5 0
0.537045 0.389274 0 147.5 52.5 0
0.580906 0.427113 0.289094 177.5 52.5 0
0.39533 0.204885 0.0292527 237.5 52.5 0
0.56473 0.435903 0.12457 277.5 52.5 0
0.448946 0.364462 0.184231 387.5 52.5 0
0.317817 0.212206 0 452.5 52.5 0
0.592555 0.497759 0.118574 42.5 57.5 0
0.458351 0.262791 0 152.5 57.5 0
0.605059 0.499138 0.401063 207.5 57.5 0
0.311271 0.196566 0 277.5 57.5 0
0.308483 0.18164 0.0142031 387.5 57.5 0
0.669572 0.591523 0.204066 392.5 57.5 0
0.284193 0.179719 0 422.5 57.5 0
0.658625 0.567009 0.167825 42.5 62.5 0
0.536499 0.342242 0.0702819 142.5 62.5 0
0.258644 0.104316 0 187.5 62.5 0
0.422578 0.27266 0.165026 232.5 62.5 0
0.238212 0.102822 0 387.5 62.5 0
0.512774 0.420638 0.121194 432.5 62.5 0
0.437142 0.270799 0.136141 187.5 67.5 0
0.199832 0.0536395 0 232.5 67.5 0
0.650169 0.402896 0.219314 252.5 67.5 0
0.671376 0.578612 0.255535 332.5 67.5 0
0.410341 0.238131 0.0840482 357.5 67.5 0
0.47355 0.290477 0.16646 367.5 67.5 0
0.27653 0.165033 0 437.5 67.5 0
0.301488 0.195341 0 462.5 67.5 0
0.393714 0.215435 0.0728119 177.5 72.5 0
0.697211 0.500561 0.170188 207.5 72.5 0
0.238544 0.105511 0 242.5 72.5 0
0.55665 0.369277 0.230622 252.5 72.5 0
0.797808 0.808874 0.646578 262.5 72.5 0
0.333403 0.315116 0.0847032 267.5 72.5 0
0.634473 0.674349 0.435088 272.5 72.5 0
0.724621 0.601598 0.259869 302.5 72.5 0
0.361322 0.215933 0 307.5 72.5 0
0.29661 0.126024 0 312.5 72.5 0
0.461478 0.276207 0.143871 317.5 72.5 0
0.253824 0.100575 0 417.5 72.5 0
0.410005 0.271446 0.0366125 422.5 72.5 0
0.884929 0.742538 0.28073 132.5 77.5 0
0.842923 0.728342 0.333232 167.5 77.5 0
0.604366 0.37707 0.0400453 212.5 77.5 0
0.416272 0.225814 0.113095 222.5 77.5 0
0.447756 0.255293 0.0666041 247.5 77.5 0
0.72505 0.620153 0.354164 252.5 77.5 0
0.585197 0.518282 0.194859 257.5 77.5 0
0.169913 0.0288813 0 297.5 77.5 0
0.461681 0.289478 0.13238 357.5 77.5 0
0.295725 0.183404 0 467.5 77.5 0
0.626481 0.480371 0.0336628 132.5 82.5 0
0.956451 0.839407 0.437557 147.5 82.5 0
0.422665 0.272973 0.0317136 162.5 82.5 0
0.668767 0.448795 0.122765 207.5 82.5 0
0.417918 0.215099 0 217.5 82.5 0
0.396137 0.243833 0.102811 387.5 82.5 0
0.216118 0.136836 0 497.5 82.5 0
0.386593 0.247209 0 117.5 87.5 0
0.475754 0.329855 0 132.5 87.5 0
0.34484 0.184515 0 152.5 87.5 0
0.870331 0.740533 0.355069 162.5 87.5 0
0.356495 0.131523 0 192.5 87.5 0
0.344744 0.125816 0 212.5 87.5 0
0.270939 0.152628 0 472.5 87.5 0
0.647115 0.486181 0.0259664 132.5 92.5 0
0.816173 0.699106 0.26986 152.5 92.5 0
0.423585 0.27091 0.0556 157.5 92.5 0
0.446018 0.300044 0 292.5 92.5 0
0.320512 0.148489 0.0114577 297.5 92.5 0
0.350315 0.227581 0.0106977 442.5 92.5 0
0.466983 0.373242 0.110767 477.5 92.5 0
0.400105 0.247426 0 112.5 97.5 0
0.301268 0.149 0 157.5 97.5 0
0.438266 0.391859 0.174101 277.5 97.5 0
0.241108 0.0847874 0 302.5 97.5 0
0.298133 0.170309 0.0577017 352.5 97.5 0
0.424695 0.279142 0.0148248 137.5 102.5 0
0.431935 0.409669 0.224113 252.5 102.5 0
0.416676 0.287852 0 302.5 102.5 0
0.750588 0.646587 0.287613 307.5 102.5 0
0.210936 0.0881151 0 312.5 102.5 0
0.451931 0.329267 0.225845 462.5 102.5 0
0.2876 0.178595 0 482.5 102.5 0
0.357075 0.21017 0 107.5 107.5 0
0.17105 0.0870911 0 137.5 107.5 0
0.364044 0.237449 0.00905617 282.5 107.5 0
0.498007 0.315287 0.202545 182.5 112.5 0
0.864881 0.663259 0.279401 197.5 112.5 0
0.657144 0.490523 0.0878553 287.5 112.5 0
0.336839 0.242377 0.0395134 457.5 112.5 0
0.177627 0.0668983 0 472.5 112.5 0
0.397498 0.249302 0 102.5 117.5 0
0.522284 0.340037 0.0138144 122.5 117.5 0
0.51783 0.352252 0.0106561 132.5 117.5 0
0.83097 0.834752 0.596451 137.5 117.5 0
0.404201 0.323511 0.187805 252.5 117.5 0
0.218763 0.138667 0 257.5 117.5 0
0.176574 0.0912973 0 272.5 117.5 0
0.600701 0.625356 0.435161 277.5 117.5 0
0.219473 0.106453 0 292.5 117.5 0
0.494852 0.406676 0.209977 297.5 117.5 0
0.437241 0.294336 0 307.5 117.5 0
0.584114 0.506194 0.397106 337.5 117.5 0
0.710531 0.595782 0.185469 82.5 122.5 0
0.573806 0.362009 0.08083 112.5 122.5 0
0.80381 0.593163 0.271447 202.5 122.5 0
0.689296 0.493241 0.145521 242.5 122.5 0
0.548478 0.342666 0.136854 247.5 122.5 0
0.555951 0.535488 0.320626 292.5 122.5 0
0.752653 0.742521 0.52974 297.5 122.5 0
0.250087 0.13336 0 317.5 122.5 0
0.249312 0.24624 0.123335 342.5 122.5 0
0.200557 0.134428 0 352.5 122.5 0
0.234736 0.139049 0 382.5 122.5 0
0.32745 0.213939 0 412.5 122.5 0
0.523465 0.424076 0.133362 442.5 122.5 0
0.341855 0.193363 0.0182665 202.5 127.5 0
0.544111 0.422945 0.161682 212.5 127.5 0
0.911716 0.855122 0.794755 217.5 127.5 0
0.776186 0.589164 0.241303 227.5 127.5 0
0.527614 0.399858 0.190479 267.5 127.5 0
0.237702 0.110999 0 272.5 127.5 0
0.318915 0.189808 0.0207419 277.5 127.5 0
0.740546 0.761108 0.541782 287.5 127.5 0
0.195095 0.101871 0 302.5 127.5 0
0.41516 0.258546 0 312.5 127.5 0
0.516855 0.358624 0.0298007 317.5 127.5 0
0.150742 0.087503 0 327.5 127.5 0
0.427353 0.424357 0.226641 352.5 127.5 0
0.249804 0.117909 0 362.5 127.5 0
0.427535 0.309671 0.0655224 382.5 127.5 0
0.204791 0.087241 0 482.5 127.5 0
0.31053 0.170648 0 77.5 132.5 0
0.636869 0.633134 0.461301 142.5 132.5 0
0.724926 0.64132 0.295495 182.5 132.5 0
0.954231 0.954231 0.954231 212.5 132.5 0
0.159538 0.110795 0.110795 217.5 132.5 0
0.472354 0.416338 0.18107 222.5 132.5 0
0.733031 0.475508 0.114975 237.5 132.5 0
0.664183 0.47565 0.176842 262.5 132.5 0
0.576252 0.606938 0.415999 287.5 132.5 0
0.584903 0.538512 0.333067 302.5 132.5 0
0.592433 0.493461 0.151301 377.5 132.5 0
0.600802 0.492854 0.155172 387.5 132.5 0
0.495973 0.390578 0.125865 447.5 132.5 0
0.649129 0.627594 0.440958 112.5 137.5 0
0.433437 0.296142 0.0128857 117.5 137.5 0
0.423669 0.346465 0.14059 132.5 137.5 0
0.618539 0.596114 0.569952 212.5 137.5 0
0.531912 0.372394 0.0034322 222.5 137.5 0
0.712493 0.650714 0.574398 242.5 137.5 0
0.677556 0.525507 0.288594 262.5 137.5 0
0.230304 0.247259 0.145526 287.5 137.5 0
0.389307 0.333809 0.137933 307.5 137.5 0
0.369607 0.242925 0 322.5 137.5 0
0.200875 0.100874 0 357.5 137.5 0
0.331052 0.212418 0 387.5 137.5 0
0.401553 0.280898 0.0447238 422.5 137.5 0
0.15391 0.0716536 0 437.5 137.5 0
0.311318 0.19393 0 447.5 137.5 0
0.424913 0.338359 0.137918 487.5 137.5 0
0.410095 0.2864 0 72.5 142.5 0
0.558121 0.440447 0.0389698 92.5 142.5 0
0.225595 0.128692 0 117.5 142.5 0
0.621147 0.562731 0.361928 132.5 142.5 0
0.682681 0.645835 0.49108 142.5 142.5 0
0.826033 0.717411 0.37656 187.5 142.5 0
0.713893 0.669365 0.665654 212.5 142.5 0
0.380417 0.306745 0.0967788 222.5 142.5 0
0.719572 0.682897 0.616883 227.5 142.5 0
0.675406 0.606429 0.468474 237.5 142.5 0
0.441022 0.337666 0.0418557 252.5 142.5 0
0.35315 0.35315 0.216121 262.5 142.5 0
0.419752 0.409292 0.283768 267.5 142.5 0
0.241092 0.141413 0 312.5 142.5 0
0.415214 0.274698 0 367.5 142.5 0
0.568375 0.469761 0.123279 402.5 142.5 0
0.139153 0.0879547 0 422.5 142.5 0
0.369675 0.334867 0.198122 437.5 142.5 0
0.181365 0.0762367 0 497.5 142.5 0
0.513624 0.388489 0.0841051 82.5 147.5 0
0.457837 0.320296 0 92.5 147.5 0
0.544336 0.498007 0.312693 117.5 147.5 0
0.395563 0.358991 0.212702 142.5 147.5 0
0.580836 0.521416 0.183463 192.5 147.5 0
0.921349 0.917708 0.892225 227.5 147.5 0
0.480034 0.405709 0.15442 252.5 147.5 0
0.575212 0.54963 0.357764 312.5 147.5 0
0.315785 0.20495 0.011459 417.5 147.5 0
0.312932 0.239244 0.0154545 442.5 147.5 0
0.200705 0.0849826 0 487.5 147.5 0
0.42922 0.288111 0 82.5 152.5 0
0.55225 0.40317 0.0703398 102.5 152.5 0
0.472272 0.337051 0.0808432 122.5 152.5 0
0.72151 0.623169 0.167886 147.5 152.5 0
0.557745 0.465578 0 187.5 152.5 0
0.628914 0.48643 0.216075 212.5 152.5 0
0.634944 0.569647 0.493467 222.5 152.5 0
0.678966 0.487516 0.249107 227.5 152.5 0
0.381368 0.360814 0.18868 417.5 152.5 0
0.14044 0.0890017 0 442.5 152.5 0
0.377691 0.254153 0 67.5 157.5 0
0.846937 0.71911 0.382724 87.5 157.5 0
0.298646 0.199792 0 122.5 157.5 0
0.605873 0.460332 0.137302 127.5 157.5 0
0.538083 0.426104 0 147.5 157.5 0
0.902715 0.804093 0.351164 192.5 157.5 0
0.637572 0.49918 0.215299 237.5 157.5 0
0.570088 0.56658 0.535003 247.5 157.5 0
0.343028 0.343028 0.262835 252.5 157.5 0
0.236501 0.248899 0.0443345 322.5 157.5 0
0.471315 0.352442 0.114695 367.5 157.5 0
0.179898 0.0945794 0 412.5 157.5 0
0.215543 0.166622 0.0398726 497.5 157.5 0
0.447612 0.348966 0.0110041 42.5 162.5 0
0.537347 0.512835 0.320243 122.5 162.5 0
0.441964 0.301146 0.0899209 127.5 162.5 0
0.296904 0.148451 0 172.5 162.5 0
0.583564 0.398725 0 182.5 162.5 0
0.442687 0.266208 0.015985 207.5 162.5 0
0.192639 0.126515 0.00588909 247.5 162.5 0
0.713403 0.730698 0.564669 252.5 162.5 0
0.215267 0.127949 0 367.5 162.5 0
0.564364 0.485897 0.372256 387.5 162.5 0
0.389423 0.282266 0.054557 392.5 162.5 0
0.313253 0.221566 0.0147376 492.5 162.5 0
0.548462 0.389405 0.013088 87.5 167.5 0
0.575484 0.521287 0.328211 102.5 167.5 0
0.20732 0.106103 0 127.5 167.5 0
0.579366 0.436952 0 152.5 167.5 0
0.497506 0.372083 0.0388188 167.5 167.5 0
0.46985 0.369319 0.0285584 177.5 167.5 0
0.528752 0.514948 0.311332 247.5 167.5 0
0.499765 0.468936 0.295174 367.5 167.5 0
0.082586 0.0304816 0 492.5 167.5 0
0.669984 0.568626 0.190839 47.5 172.5 0
0.781857 0.761701 0.563509 102.5 172.5 0
0.232642 0.298368 0.0492994 127.5 172.5 0
0.465465 0.309859 0 157.5 172.5 0
0.206567 0.0619714 0 212.5 172.5 0
0.692587 0.539703 0.192237 232.5 172.5 0
0.484986 0.391617 0.135716 237.5 172.5 0
0.37898 0.392741 0.193203 242.5 172.5 0
0.341831 0.314259 0.199374 472.5 172.5 0
0.307025 0.286995 0.166814 492.5 172.5 0
0.46541 0.336979 0.0194136 77.5 177.5 0
0.487881 0.352252 0.0611464 97.5 177.5 0
0.625317 0.456265 0.135769 187.5 177.5 0
0.296516 0.152629 0.00901257 202.5 177.5 0
0.27598 0.188642 0.0756157 407.5 177.5 0
0.314747 0.21475 0.0195544 477.5 177.5 0
0.331284 0.232852 0.0390045 487.5 177.5 0
0.231874 0.136329 0 77.5 182.5 0
0.510563 0.402443 0.105986 182.5 182.5 0
0.343053 0.252394 0.0295804 187.5 182.5 0
0.686866 0.54417 0.37015 197.5 182.5 0
0.492039 0.329467 0.142682 212.5 182.5 0
0.584519 0.495902 0.207896 2.5 187.5 0
0.433281 0.311989 0 52.5 187.5 0
0.207358 0.172904 0 167.5 187.5 0
0.390848 0.366682 0.176811 182.5 187.5 0
0.178387 0.206646 0.150128 402.5 187.5 0
0.308129 0.209039 0 2.5 192.5 0
0.703634 0.567095 0.251539 57.5 192.5 0
0.235456 0.143965 0 82.5 192.5 0
0.265987 0.259167 0.112548 167.5 192.5 0
0.128701 0.146123 0.101323 417.5 192.5 0
0.197127 0.157199 0.0485057 487.5 192.5 0
0.42965 0.276147 0 57.5 197.5 0
0.419682 0.299504 0.0468224 72.5 197.5 0
0.583739 0.47679 0.180623 7.5 202.5 0
0.288405 0.201037 0 87.5 202.5 0
0.345211 0.228074 0 7.5 207.5 0
0.105681 0.123304 0.0779878 402.5 207.5 0
0.0637923 0.0637923 0 482.5 207.5 0
0.367453 0.24552 0 12.5 217.5 0
0.402058 0.303282 0 37.5 217.5 0
0.516905 0.504929 0.337263 77.5 217.5 0
0.466801 0.502214 0.321933 157.5 217.5 0
0.264537 0.28711 0.11942 162.5 217.5 0
0.138407 0.144845 0.064373 207.5 217.5 0
0.396898 0.300242 0.0262159 47.5 222.5 0
0.40774 0.354348 0.214938 77.5 222.5 0
0.168225 0.134604 0.0643072 102.5 222.5 0
0.516379 0.531818 0.41757 112.5 222.5 0
0.186263 0.181227 0.14346 392.5 222.5 0
0.378178 0.283951 0 17.5 227.5 0
0.595991 0.528154 0.254093 22.5 227.5 0
0.267478 0.196375 0.0199984 27.5 227.5 0
0.0770857 0.0134555 0 32.5 227.5 0
0.160693 0.106741 0.0499499 52.5 227.5 0
0.0850456 0.0243762 0 57.5 227.5 0
0.270379 0.181096 0.0130868 62.5 227.5 0
0.286529 0.204787 0 72.5 227.5 0
0.188869 0.130102 0.0889652 77.5 227.5 0
0.433207 0.433207 0.341115 117.5 227.5 0
0.16261 0.143971 0.0787361 132.5 227.5 0
0.35992 0.375629 0.237387 152.5 227.5 0
0.362335 0.384455 0.251734 172.5 227.5 0
0.5491 0.564909 0.432117 177.5 227.5 0
0.428571 0.439504 0.308306 337.5 227.5 0
0.339795 0.342464 0.225007 352.5 227.5 0
0.0568917 0.0103346 0 2.5 232.5 0
0.247217 0.165661 0 7.5 232.5 0
0.207752 0.188997 0.123353 177.5 232.5 0
0.0796141 0.0608558 0 182.5 232.5 0
0.138978 0.142104 0.0182033 187.5 232.5 0
0.360513 0.355007 0.258649 327.5 232.5 0
0.0498475 0.0397169 0 357.5 232.5 0
0.124661 0.109008 0.0339826 362.5 232.5 0
0.182337 0.140546 0.130099 7.5 237.5 0
0.0975391 0.0640025 0.0192887 137.5 237.5 0
0.201633 0.176911 0.108926 187.5 237.5 0
0.173711 0.173711 0.0517849 227.5 237.5 0
0.265034 0.275946 0.17337 477.5 237.5 0
0.26936 0.280127 0.181067 487.5 237.5 0
0.0682712 0.0472344 0 232.5 242.5 0
0.0415267 0.0210195 0 332.5 242.5 0
0.156377 0.123171 0.0718537 192.5 247.5 0
0.153896 0.124766 0.0797471 337.5 247.5 0
0.135645 0.10097 0.0518488 122.5 257.5 0
0.0298788 0.00759397 0 237.5 257.5 0
0.0936941 0.0633641 0.0223279 292.5 257.5 0
0.159791 0.128309 0.0837095 332.5 257.5 0
0.0645197 0.0410661 0.0102937 337.5 257.5 0
0.178287 0.145323 0.0986234 77.5 262.5 0
0.216048 0.178155 0.131516 167.5 262.5 0
0.184288 0.152566 0.103541 227.5 262.5 0
0.102965 0.0668968 0.0269 277.5 262.5 0
0.051249 0.0280699 0.00261666 367.5 262.5 0
0.0269237 0.0108975 0 422.5 262.5 0
0.223396 0.191816 0.143011 152.5 267.5 0
0.0532818 0.0264238 0 227.5 267.5 0
0.0970624 0.0671463 0.0256411 287.5 267.5 0
0.115718 0.0909062 0.0487266 362.5 267.5 0
0.151978 0.123468 0.0742228 42.5 272.5 0
0.0839249 0.0521222 0.0198865 2.5 277.5 0
0.181335 0.147553 0.10251 162.5 277.5 0
0.138524 0.110851 0.0555045 242.5 277.5 0
0.612908 0.50587 0.116893 110 5 1
0.479436 0.335908 0.213404 267.5 5 1
0.561876 0.429915 0.299706 272.5 5 1
0.390403 0.232142 0 300 2.5 1
0.371488 0.243864 0 330 5 1
0.453565 0.383883 0.130907 495 5 1
0.363998 0.254525 0 110 10 1
0.832908 0.726125 0.284353 130 10 1
0.612142 0.453591 0.0220177 175 7.5 1
0.526552 0.386055 0.254928 215 10 1
0.594538 0.44745 0.317342 210 12.5 1
0.538784 0.39943 0.290442 260 12.5 1
0.452094 0.345826 0.0336766 377.5 15 1
0.404689 0.228099 0.0112575 182.5 20 1
0.6928 0.61031 0.235713 385 20 1
0.652074 0.585932 0.166115 402.5 25 1
0.471451 0.322322 0.210475 242.5 30 1
0.402666 0.293169 0.164564 285 27.5 1
0.561333 0.504819 0.128059 472.5 30 1
0.524214 0.391662 0.25141 215 32.5 1
0.550495 0.416565 0.322346 312.5 35 1
0.10512 0.0277307 0 252.5 40 1
0.331401 0.195828 0.00235473 330 40 1
0.389619 0.295218 0 42.5 45 1
0.22542 0.125195 0.0847319 222.5 45 1
0.63857 0.515007 0.406421 247.5 45 1
0.521314 0.382983 0.259421 257.5 45 1
0.662936 0.530631 0.243139 290 45 1
0.371945 0.250256 0.00238447 405 45 1
0.650381 0.372926 0.190135 322.5 55 1
0.475525 0.336099 0.0453612 350 52.5 1
0.552842 0.415155 0 370 52.5 1
0.632915 0.561509 0.184854 425 55 1
0.774908 0.594028 0.241693 247.5 60 1
0.758949 0.684828 0.223104 347.5 60 1
0.282558 0.134028 0 360 60 1
0.496846 0.369426 0 415 60 1
0.410636 0.311554 0.0162747 455 60 1
0.538614 0.343054 0.187011 195 62.5 1
0.335214 0.141489 0 242.5 65 1
0.82842 0.650026 0.326704 257.5 65 1
0.810149 0.593631 0.178851 265 65 1
0.55057 0.457232 0.306454 277.5 65 1
0.457672 0.346853 0.187612 325 65 1
0.715838 0.459173 0.270451 247.5 70 1
0.409206 0.302319 0.0489749 340 67.5 1
0.221864 0.0866916 0 350 67.5 1
0.370233 0.199671 0.0159476 410 67.5 1
0.751404 0.618826 0.418968 172.5 75 1
0.328891 0.137447 0 200 75 1
0.583318 0.359918 0.185126 355 72.5 1
0.368907 0.241628 0 445 75 1
0.52668 0.358523 0.108221 150 80 1
0.568893 0.405143 0.0414868 287.5 80 1
0.555421 0.332115 0.156033 340 77.5 1
0.400048 0.212526 0.0480986 350 77.5 1
0.7301 0.577515 0.0985101 137.5 85 1
0.359382 0.200231 0.013417 142.5 85 1
0.478208 0.307536 0.21443 297.5 85 1
0.458055 0.345175 0.00196067 447.5 90 1
0.554224 0.498465 0.139514 482.5 90 1
0.550494 0.485424 0.168062 492.5 90 1
0.633016 0.473418 0.0923038 117.5 95 1
0.963622 0.853301 0.351058 127.5 95 1
0.297835 0.170996 0.0448513 317.5 95 1
0.489153 0.297728 0 202.5 100 1
0.516447 0.378786 0.226589 415 100 1
0.322202 0.182521 0.0756384 457.5 100 1
0.579232 0.418536 0.02514 127.5 105 1
0.293773 0.117912 0 172.5 105 1
0.693239 0.423269 0.217893 182.5 105 1
0.690302 0.708042 0.462787 277.5 105 1
0.741179 0.75408 0.552922 252.5 110 1
0.637327 0.493886 0.0956418 302.5 110 1
0.34942 0.248775 0.0688744 470 107.5 1
0.554331 0.522472 0.257277 492.5 110 1
0.657902 0.485517 0.0993249 125 112.5 1
0.343237 0.205632 0 175 115 1
0.691786 0.751382 0.48222 265 112.5 1
0.361119 0.294946 0.184457 345 115 1
0.641156 0.543181 0.204212 412.5 115 1
0.361674 0.258044 0.00337217 435 115 1
0.334289 0.224572 0.006441 265 117.5 1
0.800474 0.698747 0.271914 312.5 120 1
0.455776 0.409441 0.305722 340 120 1
0.381288 0.270406 0.038868 355 117.5 1
0.281074 0.1797 0.00924661 477.5 120 1
0.501845 0.483029 0.322799 142.5 125 1
0.469064 0.420554 0.228134 282.5 125 1
0.691883 0.614769 0.191905 375 125 1
0.547551 0.405948 0.00762332 97.5 130 1
0.344195 0.164804 0.0144808 112.5 130 1
0.642844 0.582722 0.130532 395 127.5 1
0.142309 0.0657417 0 427.5 130 1
0.272425 0.161191 0.0155293 490 135 1
0.40813 0.307936 0.0134504 495 135 1
0.891589 0.808859 0.182848 182.5 140 1
0.12763 0.0552412 0.0119222 217.5 140 1
0.267737 0.183132 0.0226809 247.5 140 1
0.362079 0.238458 0.0198212 107.5 145 1
0.7171 0.51787 0.0581456 125 142.5 1
0.783901 0.578437 0.227557 232.5 145 1
0.780231 0.704033 0.237321 50 150 1
0.849616 0.759578 0.263184 87.5 150 1
0.872346 0.808271 0.753341 215 150 1
0.0266092 0 0 220 147.5 1
0.806707 0.763767 0.71368 240 150 1
0.501415 0.517952 0.335761 422.5 150 1
0.896814 0.770197 0.252227 182.5 155 1
0.674164 0.533097 0.150742 200 155 1
0.420679 0.304642 0.0434309 490 155 1
0.278056 0.159731 0 102.5 160 1
0.613346 0.43864 0.0948104 175 160 1
0.801941 0.562473 0.136174 210 157.5 1
0.25136 0.195728 0.0386262 447.5 160 1
0.656895 0.53032 0.0899038 147.5 165 1
0.539094 0.39256 0.0506204 195 162.5 1
0.768132 0.560706 0.252274 242.5 165 1
0.127468 0.0509436 0 470 165 1
0.602522 0.473641 0.00368104 72.5 170 1
0.331151 0.166832 0.0061923 192.5 170 1
0.126875 0.076012 0.0141617 390 167.5 1
0.375118 0.257487 0.0294601 407.5 170 1
0.28772 0.25638 0.135757 467.5 170 1
0.426816 0.300533 0.00987323 485 170 1
0.306619 0.231228 0.0200166 150 175 1
0.677422 0.515183 0.0197449 162.5 175 1
0.304072 0.199797 0.0385157 167.5 175 1
0.326188 0.255316 0.0342181 177.5 175 1
0.0505725 0.0541211 0.0181609 392.5 180 1
0.320879 0.200051 0 97.5 185 1
0.775324 0.521139 0.194422 202.5 185 1
0.328002 0.242206 0.0655951 225 182.5 1
0.13476 0.0656779 0 487.5 185 1
0.496145 0.380683 0.0840495 72.5 190 1
0.224809 0.174998 0.0321511 200 190 1
0.161233 0.161233 0.122075 392.5 190 1
0.420443 0.41646 0.240881 375 195 1
0.0575916 0.0443877 0.00128009 212.5 205 1
0.302084 0.267607 0.122713 480 202.5 1
0.701693 0.634701 0.276229 37.5 210 1
0.679413 0.609719 0.213857 27.5 215 1
0.403216 0.406487 0.290379 185 212.5 1
0.586262 0.660416 0.416325 270 212.5 1
0.164023 0.19485 0.145525 410 215 1
0.640148 0.666457 0.502401 105 217.5 1
0.295882 0.324966 0.274075 417.5 220 1
0.4535 0.367785 0.0896013 40 222.5 1
0.534197 0.427395 0.0622365 70 225 1
0.0903761 0.0533569 0.0072396 85 222.5 1
0.236053 0.201185 0.140576 95 222.5 1
0.0645742 0.0507982 0.00754233 110 225 1
0.553573 0.600979 0.397099 307.5 225 1
0.529413 0.594507 0.37655 320 222.5 1
0.344952 0.35488 0.311361 400 222.5 1
0.394979 0.431911 0.255944 487.5 225 1
0.174834 0.133052 0.082886 40 227.5 1
0.493684 0.508191 0.376181 365 230 1
0.0916414 0.0828507 0.0338088 390 227.5 1
0.145795 0.0948694 0.0183326 20 232.5 1
0.096318 0.0444994 0.00566519 70 232.5 1
0.0746655 0.0716569 0.0125732 255 232.5 1
0.0636023 0.031037 0.00383422 15 237.5 1
0.064709 0.0524678 0.00751342 195 240 1
0.0489628 0.0375755 0 285 237.5 1
0.0616888 0.0394886 0.0121644 420 237.5 1
0.0340127 0.0253209 0.00238008 475 240 1
0.149038 0.125256 0.0551641 237.5 245 1
0.237601 0.208728 0.161988 310 247.5 1
0.125527 0.0953343 0.0572991 400 247.5 1
0.301497 0.267269 0.220193 95 252.5 1
0.305047 0.273231 0.22406 110 252.5 1
0.075115 0.0475918 0.014289 305 252.5 1
0.214932 0.189345 0.147924 390 252.5 1
0.243832 0.210617 0.158624 130 260 1
0.232269 0.19249 0.145347 200 257.5 1
0.0852093 0.0534642 0.0192264 265 257.5 1
0.142915 0.115803 0.0739016 375 260 1
0.0315272 0.0154462 0 405 257.5 1
0.13646 0.111997 0.072379 415 260 1
0.0957794 0.0609744 0.0218304 215 262.5 1
0.171936 0.13889 0.0934652 285 262.5 1
0.0500123 0.0266366 0.00349233 350 265 1
0.0509951 0.0306781 0.00736038 450 270 1
0.0730015 0.0491877 0.0202177 465 267.5 1
0.0665612 0.0403248 0.00925292 35 272.5 1
0.301699 0.270671 0.222718 150 275 1
0.316906 0.271296 0.228536 170 272.5 1
0.306601 0.268151 0.222582 200 272.5 1
0.207577 0.17667 0.130312 235 272.5 1
0.246935 0.223581 0.176873 317.5 275 1
0.232143 0.216739 0.16796 330 272.5 1
0.195021 0.174606 0.134896 422.5 275 1
0.0730603 0.0501794 0.0212485 495 272.5 1
0.0945536 0.0684957 0.0243752 55 277.5 1
0.27561 0.246904 0.200424 105 277.5 1
0.298257 0.264601 0.216919 215 277.5 1
0.296436 0.268637 0.219998 235 277.5 1
0.237663 0.211573 0.16934 350 277.5 1
0.185552 0.16236 0.126518 480 277.5 1
0.881572 0.796419 0.259909 117.5 4.16667 2
0.600844 0.457982 0.323367 257.5 2.5 2
0.423374 0.283547 0.147443 222.5 7.5 2
0.59399 0.462263 0.352256 279.167 5.83333 2
0.723079 0.560518 0.0301336 177.5 14.1667 2
0.467036 0.314598 0.187984 240.833 17.5 2
0.572733 0.521727 0.154173 452.5 12.5 2
0.646002 0.52383 0.386523 219.167 19.1667 2
0.550845 0.436522 0.319718 227.5 14.1667 2
0.613517 0.484026 0.0119037 309.167 19.1667 2
0.736911 0.55888 0.064147 165.833 17.5 2
0.728733 0.560379 0.0125004 175.833 17.5 2
0.56845 0.436932 0.310045 284.167 20.8333 2
0.646133 0.499264 0.0541668 297.5 17.5 2
0.449363 0.320293 0.00434388 347.5 27.5 2
0.238959 0.169455 0 492.5 17.5 2
0.297203 0.115351 0.000815343 325.833 32.5 2
0.378813 0.18829 0.00775655 162.5 37.5 2
0.669532 0.587746 0.189223 394.167 30.8333 2
0.771775 0.677658 0.253594 44.1667 32.5 2
0.612779 0.439912 0.238417 177.5 35.8333 2
0.713307 0.619149 0.223306 365.833 35.8333 2
0.753847 0.469788 0.239988 237.5 42.5 2
0.438839 0.288256 0.176623 242.5 42.5 2
0.662494 0.574694 0.21969 407.5 42.5 2
0.434883 0.290324 0.166786 187.5 52.5 2
0.682576 0.538138 0.410585 209.167 49.1667 2
0.500688 0.385934 0.0646994 415.833 54.1667 2
0.671967 0.534941 0.415032 187.5 59.1667 2
0.108081 0.0549449 0 217.5 55.8333 2
0.24419 0.167687 0.0781389 217.5 54.1667 2
0.0921863 0.0525023 0.00694748 254.167 52.5 2
0.737552 0.725159 0.546693 267.5 57.5 2
0.51422 0.355799 0.179017 207.5 62.5 2
0.387709 0.340689 0.123891 274.167 67.5 2
0.367311 0.276886 0.0130176 327.5 57.5 2
0.730938 0.636645 0.2614 354.167 60.8333 2
0.517398 0.382882 0.054673 402.5 57.5 2
0.767493 0.583339 0.0670699 152.5 65.8333 2
0.815371 0.729595 0.21608 312.5 62.5 2
0.107963 0.0463803 0.0112185 319.167 65.8333 2
0.321182 0.149884 0.00872577 377.5 72.5 2
0.395749 0.262649 0.0472859 392.5 64.1667 2
0.494671 0.367853 0.0177059 420.833 65.8333 2
0.632652 0.496908 0.321637 169.167 69.1667 2
0.298507 0.12425 0 187.5 74.1667 2
0.774164 0.615334 0.287193 262.5 67.5 2
0.501006 0.324556 0.171418 407.5 72.5 2
0.360083 0.185256 0 162.5 72.5 2
0.374075 0.198485 0 232.5 77.5 2
0.540181 0.483538 0.139904 497.5 72.5 2
0.730851 0.478916 0.26392 190.833 77.5 2
0.489326 0.334747 0.142464 389.167 77.5 2
0.8481 0.754013 0.253355 292.5 82.5 2
0.627075 0.410862 0.233358 302.5 82.5 2
0.238034 0.103255 0.00187739 432.5 82.5 2
0.720075 0.566564 0.120049 135.833 95.8333 2
0.544532 0.366727 0.0294097 287.5 92.5 2
0.452828 0.332493 0.0225247 452.5 92.5 2
0.226631 0.0860116 0.0012462 459.167 92.5 2
0.554211 0.503879 0.186628 490.833 99.1667 2
0.249598 0.141428 0 142.5 97.5 2
0.649646 0.485831 0.0602259 287.5 105.833 2
0.542556 0.400334 0.247886 390.833 100.833 2
0.536158 0.39496 0.239099 397.5 97.5 2
0.948342 0.82668 0.333471 122.5 102.5 2
0.799535 0.723135 0.223098 310.833 109.167 2
0.161547 0.0642897 0.00223056 342.5 102.5 2
0.442969 0.330669 0.0640874 450.833 102.5 2
0.251977 0.149433 0.00491617 462.5 105.833 2
0.554614 0.479319 0.164991 485.833 102.5 2
0.789039 0.453357 0.207439 177.5 107.5 2
0.369862 0.291383 0.077311 285.833 117.5 2
0.310242 0.148403 0 295.833 110.833 2
0.38087 0.279316 0.129857 317.5 107.5 2
0.200773 0.10026 0.00342904 359.167 109.167 2
0.678808 0.731991 0.462336 277.5 114.167 2
0.140564 0.067236 0.00781538 327.5 117.5 2
0.708542 0.549895 0.0712943 105.833 117.5 2
0.762714 0.542135 0.142339 272.5 122.5 2
0.654452 0.518912 0.117638 305.833 117.5 2
0.292821 0.178016 0.00822933 432.5 127.5 2
0.47605 0.355024 0.0404152 432.5 117.5 2
0.842779 0.752284 0.311771 74.1667 132.5 2
0.745054 0.708988 0.624606 225.833 132.5 2
0.684584 0.496468 0.0993954 119.167 127.5 2
0.274605 0.150352 0.00113715 132.5 127.5 2
0.826857 0.585896 0.133617 234.167 129.167 2
0.601878 0.46221 0.0634167 320.833 130.833 2
0.847502 0.761024 0.262338 89.1667 139.167 2
0.549128 0.422671 0.0859742 364.167 139.167 2
0.39313 0.278976 0.00118289 377.5 142.5 2
0.649234 0.577968 0.18242 404.167 132.5 2
0.211279 0.0559652 0 202.5 137.5 2
0.0709029 0.0534316 0 277.5 137.5 2
0.273261 0.205713 0.0312889 360.833 147.5 2
0.698521 0.612773 0.170697 370.833 137.5 2
0.577269 0.509642 0.185182 454.167 137.5 2
0.674105 0.508594 0.0598123 99.1667 142.5 2
0.694777 0.511643 0.123914 125.833 149.167 2
0.914764 0.826331 0.271156 149.167 145.833 2
0.566364 0.396346 0.00934977 172.5 145.833 2
0.132904 0.0490556 0.0214864 192.5 142.5 2
0.281232 0.154426 0 397.5 149.167 2
0.873541 0.804317 0.166734 187.5 149.167 2
0.102567 0.0468857 0 249.167 150.833 2
0.162233 0.132803 0.0197657 257.5 147.5 2
0.485767 0.348222 0.0411709 374.167 150.833 2
0.487748 0.358022 0.0554265 414.167 147.5 2
0.362177 0.266675 0.0510098 495.833 147.5 2
0.234484 0.0955262 0.00222138 384.167 155.833 2
0.519025 0.446597 0.107624 480.833 152.5 2
0.599254 0.445972 0.0996424 90.8333 157.5 2
0.184271 0.101532 0 142.5 157.5 2
0.792024 0.564869 0.152439 219.167 160.833 2
0.496393 0.503082 0.339196 415.833 160.833 2
0.470773 0.514513 0.321977 424.167 160.833 2
0.247663 0.135127 0 477.5 157.5 2
0.785064 0.568115 0.120063 229.167 164.167 2
0.780874 0.554232 0.118474 235.833 165.833 2
0.644374 0.495635 0.0884022 95.8333 167.5 2
0.431433 0.324241 0.0611192 457.5 167.5 2
0.424638 0.301163 0.0375866 482.5 174.167 2
0.685455 0.511099 0.0302409 182.5 172.5 2
0.49613 0.417659 0.311306 194.167 179.167 2
0.145266 0.087879 0.00037436 457.5 172.5 2
0.608448 0.475301 0.0594809 74.1667 177.5 2
0.643588 0.506984 0.0623818 157.5 177.5 2
0.34494 0.282548 0.0345855 162.5 184.167 2
0.509611 0.365455 0.0265549 377.5 177.5 2
0.127442 0.0734728 0.00621257 402.5 177.5 2
0.757273 0.673324 0.265629 55.8333 182.5 2
0.756609 0.530621 0.261028 209.167 185.833 2
0.245266 0.169915 0.0234839 377.5 187.5 2
0.267697 0.168709 0 97.5 197.5 2
0.623307 0.628431 0.432738 84.1667 202.5 2
0.377375 0.32133 0.135891 94.1667 209.167 2
0.218471 0.221901 0.181564 392.5 202.5 2
0.287189 0.306724 0.177283 142.5 207.5 2
0.386834 0.392249 0.281798 149.167 207.5 2
0.402611 0.409174 0.289912 175.833 210.833 2
0.615181 0.646821 0.465462 85.8333 212.5 2
0.565063 0.584501 0.412313 95.8333 215.833 2
0.0473429 0.0386356 0.00577628 214.167 215.833 2
0.686755 0.610252 0.226571 32.5 217.5 2
0.625271 0.672219 0.505464 114.167 217.5 2
0.650659 0.677869 0.520864 132.5 222.5 2
0.318806 0.331664 0.285875 422.5 217.5 2
0.486635 0.374979 0.0170039 7.5 225.833 2
0.654126 0.681701 0.506082 147.5 222.5 2
0.174301 0.198471 0.0608028 162.5 227.5 2
0.59274 0.626813 0.433348 267.5 227.5 2
0.560363 0.607711 0.401882 297.5 227.5 2
0.53967 0.577638 0.394378 327.5 227.5 2
0.505461 0.52953 0.383447 375.833 225.833 2
0.289829 0.288983 0.230575 387.5 222.5 2
0.13044 0.127233 0.0855624 417.5 227.5 2
0.489893 0.377969 0.0160332 10.8333 227.5 2
0.0944451 0.0802091 0.0200199 122.5 229.167 2
0.0940178 0.071282 0.0173792 142.5 230.833 2
0.627932 0.658924 0.483333 217.5 232.5 2
0.0880967 0.0791713 0.0173538 267.5 232.5 2
0.552693 0.577237 0.414799 317.5 229.167 2
0.0640808 0.0524995 0.010202 372.5 234.167 2
0.0655315 0.0494668 0.0192869 402.5 230.833 2
0.224258 0.207603 0.16559 422.5 230.833 2
0.401428 0.431038 0.270136 487.5 230.833 2
0.607283 0.637785 0.462205 235.833 235.833 2
0.132138 0.118187 0.0441302 244.167 239.167 2
0.0616434 0.0383086 0.00502082 327.5 235.833 2
0.3949 0.429837 0.264769 480.833 232.5 2
0.0687823 0.0417506 0.0103916 317.5 252.5 2
0.0507978 0.0350163 0.00960322 484.167 247.5 2
0.0520028 0.0266152 0.000622646 112.5 257.5 2
0.27772 0.242925 0.196841 277.5 254.167 2
0.0797933 0.0541725 0.0186903 362.5 252.5 2
0.120671 0.0880303 0.045445 142.5 264.167 2
0.183326 0.160935 0.124807 467.5 262.5 2
0.273354 0.244945 0.201923 32.5 267.5 2
0.0628123 0.0403778 0.0144028 477.5 267.5 2
0.080325 0.0510552 0.0147394 159.167 267.5 2
0.297959 0.260879 0.21639 124.167 275.833 2
0.293316 0.26232 0.215363 152.5 275.833 2
0.302676 0.265109 0.220031 197.5 277.5 2
0.23694 0.212436 0.168495 335.833 275.833 2
0.215892 0.190775 0.149454 372.5 272.5 2
0.207139 0.181102 0.141652 392.5 272.5 2
0.199509 0.172004 0.134571 412.5 277.5 2
0.208701 0.184392 0.147563 442.5 275.833 2
0.0817292 0.0582049 0.0265027 437.5 272.5 2
0.173423 0.150561 0.115229 492.5 277.5 2
0.712517 0.642475 0.213463 2.5 10 3
0.720864 0.650063 0.216404 7.5 10 3
0.729296 0.657728 0.219375 12.5 10 3
0.737802 0.665461 0.222372 17.5 10 3
0.746372 0.673252 0.225391 22.5 10 3
0.754994 0.680316 0.233071 27.5 10 3
0.762772 0.688012 0.233265 35 5 3
0.780653 0.705145 0.236955 45 5 3
0.795266 0.722277 0.24699 55 5 3
0.807072 0.729334 0.225659 65 5 3
0.809765 0.727521 0.198837 70 10 3
0.819612 0.734063 0.198723 75 10 3
0.834044 0.749145 0.202813 85 5 3
0.8644 0.776023 0.277839 96.25 6.25 3
0.883891 0.798691 0.264528 102.5 10 3
0.905085 0.811008 0.291602 123.75 10 3
0.894377 0.808053 0.250628 136.25 3.75 3
0.921624 0.831298 0.238161 146.25 7.5 3
0.922574 0.833022 0.24994 157.5 3.75 3
0.935797 0.830361 0.281942 160 10 3
0.665154 0.506857 0.364487 190 2.5 3
0.644463 0.499871 0.370218 207.5 3.75 3
0.63194 0.4901 0.356553 225 3.75 3
0.629629 0.476351 0.339407 240 3.75 3
0.614589 0.467562 0.334151 243.75 7.5 3
0.637254 0.479063 0.00333083 298.75 10 3
0.607306 0.454909 0.0267564 312.5 5 3
0.599007 0.449012 0.0115929 325 10 3
0.583634 0.442173 0.0397329 330 10 3
0.744035 0.665873 0.20261 337.5 5 3
0.733371 0.66034 0.182227 347.5 10 3
0.72567 0.654161 0.179674 352.5 10 3
0.717281 0.646538 0.179342 357.5 10 3
0.707526 0.636815 0.17825 362.5 10 3
0.698769 0.628213 0.176743 367.5 7.5 3
0.689297 0.618832 0.177633 372.5 6.25 3
0.671578 0.605457 0.170358 382.5 5 3
0.662566 0.59401 0.168956 391.25 10 3
0.658404 0.58786 0.178099 396.25 10 3
0.650957 0.580469 0.180358 401.25 10 3
0.643466 0.575839 0.16615 406.25 6.25 3
0.627654 0.564436 0.15385 415 7.5 3
0.619915 0.558056 0.150815 421.25 10 3
0.61317 0.551926 0.148737 426.25 10 3
0.602933 0.541996 0.146835 432.5 3.75 3
0.584052 0.524192 0.13996 447.5 5 3
0.570141 0.512605 0.131427 457.5 3.75 3
0.561471 0.506407 0.134523 465 7.5 3
0.552364 0.490756 0.125124 475 5 3
0.538608 0.484689 0.12215 483.75 10 3
0.53639 0.474727 0.170056 491.25 7.5 3
0.93462 0.841393 0.248136 148.75 15 3
0.66294 0.509897 0.360621 192.5 8.75 3
0.676947 0.523345 0.393453 205 15 3
0.616455 0.483957 0.361456 248.75 12.5 3
0.34438 0.206488 0.0844935 270 11.25 3
0.63406 0.481212 0.00197251 300 10 3
0.618558 0.461202 0.0322864 315 11.25 3
0.592316 0.535192 0.16257 440 10 3
0.772731 0.687039 0.280796 33.75 18.75 3
0.797202 0.715904 0.258328 46.25 15 3
0.796336 0.716616 0.21647 57.5 13.75 3
0.835235 0.752247 0.209846 75 20 3
0.84619 0.76329 0.21581 80 20 3
0.852683 0.77077 0.224403 85 20 3
0.899908 0.813994 0.231796 115 20 3
0.928949 0.838892 0.246012 140 17.5 3
0.685632 0.532692 0.401779 191.25 17.5 3
0.355074 0.213705 0.0292509 290 16.25 3
0.733831 0.645456 0.201474 345 16.25 3
0.672551 0.603172 0.174497 387.5 16.25 3
0.635609 0.571 0.158282 412.5 20 3
0.597699 0.541804 0.167543 436.25 18.75 3
0.552068 0.499021 0.154948 475 13.75 3
0.783256 0.698728 0.285469 42.5 25 3
0.800552 0.719784 0.182663 60 22.5 3
0.873619 0.791842 0.236273 95 22.5 3
0.900741 0.807603 0.308282 107.5 20 3
0.952868 0.85112 0.269172 150 22.5 3
0.655882 0.517712 0.38048 213.75 23.75 3
0.733416 0.485983 0.283434 237.5 25 3
0.121467 0.0325097 0 252.5 25 3
0.61717 0.492776 0.385534 262.5 25 3
0.612451 0.47623 0.345352 270 25 3
0.572189 0.436862 0.308553 275 20 3
0.587572 0.447227 0.328145 295 25 3
0.592488 0.429218 0.0178229 327.5 20 3
0.747452 0.648299 0.251014 350 25 3
0.705322 0.629639 0.193888 367.5 25 3
0.644511 0.580407 0.158392 407.5 25 3
0.629974 0.566541 0.155225 417.5 25 3
0.572159 0.543141 0.322955 445 17.5 3
0.552587 0.517619 0.305092 465 17.5 3
0.562588 0.50901 0.161432 471.25 22.5 3
0.507378 0.440378 0.1588 497.5 25 3
0.722365 0.651427 0.216933 2.5 30 3
0.731106 0.659374 0.221513 7.5 30 3
0.739944 0.667408 0.223127 12.5 30 3
0.748867 0.67552 0.226271 17.5 30 3
0.758642 0.68215 0.225566 22.5 30 3
0.766929 0.690378 0.228688 27.5 30 3
0.806096 0.723655 0.211635 52.5 30 3
0.814223 0.7328 0.197218 61.25 30 3
0.865941 0.78243 0.227751 85 30 3
0.930064 0.835827 0.261136 125 27.5 3
0.921061 0.820356 0.283263 127.5 23.75 3
0.711968 0.551007 0.0913186 158.75 30 3
0.731009 0.554122 0.11706 175 27.5 3
0.680626 0.522069 0.395445 191.25 27.5 3
0.486617 0.258331 0.0716681 197.5 30 3
0.681474 0.463305 0.304992 202.5 30 3
0.102233 0.0491798 0.00713086 227.5 30 3
0.638188 0.49006 0.380801 247.5 30 3
0.557999 0.377367 0.218609 257.5 30 3
0.460514 0.284384 0.154775 317.5 30 3
0.588922 0.449582 0.024637 338.75 30 3
0.715187 0.644082 0.175335 360 25 3
0.525541 0.408623 0.0466449 380 26.25 3
0.658125 0.590329 0.1685 401.25 30 3
0.624227 0.561974 0.152143 422.5 30 3
0.61727 0.555652 0.15 427.5 30 3
0.611099 0.550102 0.149173 432.5 30 3
0.588533 0.527634 0.14195 448.75 28.75 3
0.582271 0.521464 0.144516 455 30 3
0.573604 0.515315 0.13493 461.25 30 3
0.565395 0.510032 0.133746 466.25 30 3
0.555197 0.500355 0.128142 477.5 30 3
0.546503 0.489676 0.125708 486.25 26.25 3
0.826893 0.743828 0.208184 65 32.5 3
0.896696 0.807034 0.2382 100 35 3
0.902745 0.809251 0.250031 108.75 32.5 3
0.929928 0.839457 0.249041 121.25 32.5 3
0.954135 0.854443 0.256322 137.5 31.25 3
0.958291 0.864356 0.252717 148.75 31.25 3
0.687785 0.536906 0.400521 207.5 35 3
0.634377 0.493715 0.368422 267.5 35 3
0.56676 0.432525 0.307012 281.25 31.25 3
0.596691 0.44283 0.0253334 332.5 28.75 3
0.535837 0.404281 0.00636009 380 32.5 3
0.604832 0.544349 0.146168 437.5 35 3
0.594431 0.532984 0.142526 445 35 3
0.551111 0.494373 0.131355 482.5 35 3
0.542415 0.486077 0.132666 492.5 35 3
0.777231 0.698186 0.19755 35 40 3
0.843673 0.759604 0.218289 68.75 40 3
0.856778 0.770364 0.218734 77.5 40 3
0.872437 0.787455 0.226216 85 40 3
0.885167 0.798123 0.231003 92.5 40 3
0.880747 0.790959 0.232277 98.75 40 3
0.962694 0.856687 0.274552 148.75 37.5 3
0.705707 0.526278 0.395557 168.75 38.75 3
0.681442 0.526926 0.385082 186.25 40 3
0.130742 0.0627704 0.00278956 225 40 3
0.22917 0.139741 0.0330943 232.5 40 3
0.577333 0.439092 0.316904 300 35 3
0.633168 0.381658 0.191022 322.5 40 3
0.577206 0.446941 0.00054323 345 37.5 3
0.5591 0.428594 0.0100332 355 40 3
0.522348 0.394367 0.00659513 376.25 40 3
0.642624 0.571769 0.160572 413.75 37.5 3
0.78313 0.703101 0.207709 35 45 3
0.801653 0.722695 0.216769 47.5 45 3
0.848017 0.764167 0.220404 71.25 45 3
0.929048 0.831288 0.266078 116.25 38.75 3
0.967757 0.861858 0.364777 132.5 45 3
0.669753 0.51186 0.358938 178.75 43.75 3
0.66731 0.528145 0.400764 191.25 43.75 3
0.650719 0.511317 0.371916 215 42.5 3
0.627266 0.495894 0.390982 263.75 43.75 3
0.628488 0.471256 0.350958 280 37.5 3
0.61828 0.462009 0.329075 290 40 3
0.544708 0.419413 0.0436061 368.75 42.5 3
0.519043 0.385039 0.00302839 395 45 3
0.512101 0.381549 0.0349835 392.5 42.5 3
0.599263 0.539231 0.14402 442.5 45 3
0.581853 0.522472 0.14196 458.75 45 3
0.571707 0.514247 0.135964 465 42.5 3
0.546945 0.491744 0.128336 487.5 45 3
0.538461 0.480126 0.138552 496.25 43.75 3
0.732042 0.660225 0.21959 5 45 3
0.748915 0.675634 0.218385 13.75 46.25 3
0.768911 0.689609 0.205869 26.25 46.25 3
0.816075 0.733589 0.213687 52.5 50 3
0.830122 0.747306 0.214123 60 45 3
0.880785 0.793175 0.222793 87.5 50 3
0.907831 0.817176 0.231614 107.5 50 3
0.936348 0.842376 0.287912 120 45 3
0.943517 0.854289 0.282852 126.25 48.75 3
0.747161 0.583656 0.0958705 137.5 50 3
0.971668 0.851065 0.32031 151.25 47.5 3
0.72502 0.568639 0.0422829 157.5 50 3
0.388756 0.192395 0.0277353 197.5 50 3
0.757299 0.53095 0.364403 202.5 50 3
0.46175 0.276443 0.14057 317.5 50 3
0.763717 0.669366 0.263576 338.75 50 3
0.577714 0.437391 0.0310975 348.75 45 3
0.534659 0.409455 0.0377469 382.5 50 3
0.626955 0.562241 0.149866 421.25 47.5 3
0.617894 0.552881 0.148019 428.75 50 3
0.610825 0.548923 0.145606 432.5 45 3
0.58556 0.515941 0.172243 455 47.5 3
0.564374 0.507045 0.132341 472.5 50 3
0.558172 0.501947 0.131795 477.5 50 3
0.758652 0.683637 0.20881 18.75 51.25 3
0.896406 0.806736 0.229365 100 52.5 3
0.93007 0.840859 0.247279 116.25 55 3
0.352655 0.160135 0.00978845 162.5 55 3
0.671407 0.494253 0.374158 167.5 55 3
0.678049 0.527864 0.0348914 281.25 55 3
0.827751 0.730545 0.241233 293.75 52.5 3
0.849601 0.770033 0.230165 295 55 3
0.802634 0.724758 0.214912 310 50 3
0.778222 0.7128 0.212535 332.5 55 3
0.557025 0.425111 0.00350065 365 53.75 3
0.542296 0.412273 0.0052472 376.25 55 3
0.200389 0.0620117 0 395 55 3
0.504066 0.377384 0.00489562 407.5 55 3
0.608757 0.534951 0.195085 447.5 55 3
0.553057 0.497298 0.130219 482.5 55 3
0.731293 0.662272 0.20463 5 55 3
0.773552 0.69946 0.229745 26.25 60 3
0.785784 0.706227 0.21447 35 57.5 3
0.831537 0.748834 0.234814 57.5 56.25 3
0.863734 0.775869 0.225816 77.5 53.75 3
0.885835 0.797759 0.236828 88.75 58.75 3
0.920616 0.830218 0.244947 110 60 3
0.747756 0.58059 0.0340832 145 57.5 3
0.665551 0.513564 0.385253 176.25 56.25 3
0.0853346 0.0446127 0.000943599 230 55 3
0.145093 0.0332817 0 248.75 56.25 3
0.171443 0.107413 0.000854607 265 52.5 3
0.827199 0.746822 0.211156 306.25 60 3
0.76489 0.697966 0.216042 338.75 58.75 3
0.559928 0.41461 0.0608735 365 58.75 3
0.603957 0.540975 0.141672 440 57.5 3
0.569129 0.515036 0.136998 470 60 3
0.54018 0.484356 0.127736 493.75 56.25 3
0.749154 0.675781 0.22408 12.5 65 3
0.767827 0.692757 0.236077 22.5 65 3
0.817868 0.738024 0.24567 50 65 3
0.845279 0.76309 0.259674 63.75 61.25 3
0.862136 0.780157 0.256027 72.5 65 3
0.875361 0.783537 0.249288 78.75 65 3
0.908671 0.818537 0.240054 101.25 62.5 3
0.944107 0.850077 0.251706 122.5 65 3
0.95433 0.857786 0.264197 127.5 65 3
0.974726 0.832407 0.370892 132.5 65 3
0.843009 0.62374 0.16324 238.75 61.25 3
0.515115 0.354024 0.0293147 287.5 65 3
0.837487 0.764393 0.211263 298.75 62.5 3
0.446069 0.339044 0.0192695 455 63.75 3
0.581763 0.518731 0.159915 465 62.5 3
0.548132 0.492822 0.128702 487.5 65 3
0.542057 0.485759 0.13197 495 65 3
0.731105 0.659372 0.220012 2.5 70 3
0.740203 0.667644 0.223218 7.5 70 3
0.758713 0.684471 0.228967 17.5 70 3
0.782272 0.703275 0.235622 31.25 70 3
0.835058 0.753877 0.256639 57.5 70 3
0.854043 0.771136 0.263327 67.5 70 3
0.899832 0.80578 0.265782 91.25 67.5 3
0.931387 0.839226 0.251471 115 67.5 3
0.75066 0.590103 0.12294 137.5 70 3
0.74685 0.575104 0.0177231 155 70 3
0.669427 0.526927 0.387397 177.5 65 3
0.674174 0.464745 0.277565 223.75 63.75 3
0.533004 0.403483 0.0263238 381.25 67.5 3
0.47856 0.355048 0.0495534 430 70 3
0.613897 0.534456 0.217102 443.75 67.5 3
0.5583 0.501529 0.13224 478.75 70 3
0.792805 0.715317 0.239075 36.25 72.5 3
0.818519 0.73847 0.257244 46.25 71.25 3
0.885265 0.794502 0.273074 82.5 75 3
0.899322 0.811392 0.280188 92.5 75 3
0.398592 0.216591 0.0283491 143.75 72.5 3
0.802316 0.496142 0.259108 197.5 68.75 3
0.788781 0.513077 0.291141 215 67.5 3
0.691688 0.523624 0.0291283 282.5 75 3
0.85075 0.769397 0.231976 296.25 70 3
0.571663 0.383027 0.237558 365 72.5 3
0.519612 0.317456 0.155339 397.5 68.75 3
0.475691 0.352766 0.00691899 435 75 3
0.550312 0.495332 0.128971 485 75 3
0.808269 0.729522 0.24063 43.75 80 3
0.844143 0.762136 0.25984 62.5 80 3
0.906357 0.818611 0.282082 97.5 80 3
0.926973 0.831933 0.26539 108.75 73.75 3
0.740115 0.585999 0.0652544 156.25 80 3
0.853798 0.664371 0.313958 217.5 73.75 3
0.80303 0.63438 0.242334 235 73.75 3
0.632683 0.393385 0.230151 327.5 75 3
0.60339 0.374557 0.192931 340 72.5 3
0.573451 0.406114 0.256259 373.75 80 3
0.558878 0.378694 0.241733 393.75 80 3
0.477659 0.356669 0.0379298 440 80 3
0.451021 0.334736 0.00723965 457.5 78.75 3
0.457199 0.336685 0.00776475 452.5 78.75 3
0.438314 0.32162 0.0239228 463.75 80 3
0.573566 0.498981 0.18124 472.5 80 3
0.56378 0.505125 0.13737 477.5 78.75 3
0.748545 0.675227 0.226157 12.5 85 3
0.767168 0.692157 0.232718 22.5 85 3
0.779767 0.702892 0.232107 28.75 85 3
0.822474 0.742436 0.252205 51.25 82.5 3
0.862062 0.778425 0.266153 72.5 85 3
0.871256 0.786784 0.269392 77.5 85 3
0.889171 0.803071 0.275705 87.5 85 3
0.914428 0.826031 0.283681 102.5 85 3
0.930842 0.831765 0.284137 111.25 81.25 3
0.941511 0.852255 0.26983 122.5 78.75 3
0.805748 0.497099 0.265606 183.75 81.25 3
0.877488 0.651024 0.179377 200 85 3
0.857828 0.646239 0.213334 210 85 3
0.729055 0.795728 0.519792 258.75 85 3
0.704027 0.771554 0.483198 267.5 85 3
0.709108 0.753435 0.494726 272.5 85 3
0.320327 0.267453 0.0331877 277.5 85 3
0.663615 0.389426 0.195729 315 77.5 3
0.598045 0.433497 0.276403 361.25 85 3
0.591209 0.428329 0.274983 370 82.5 3
0.557543 0.403471 0.27929 405 77.5 3
0.536176 0.386932 0.247692 411.25 82.5 3
0.508208 0.368775 0.231957 423.75 82.5 3
0.54646 0.492559 0.134137 490 85 3
0.729542 0.657952 0.219462 2.5 90 3
0.738577 0.666165 0.222645 7.5 90 3
0.756952 0.68287 0.229119 17.5 90 3
0.78939 0.711415 0.216183 35 85 3
0.835024 0.753846 0.255777 58.75 90 3
0.8538 0.770915 0.263235 68.75 90 3
0.941653 0.855154 0.292082 125 87.5 3
0.967547 0.871109 0.310142 166.25 88.75 3
0.317503 0.143087 0.00892209 172.5 90 3
0.803161 0.466817 0.210371 177.5 90 3
0.68007 0.400862 0.18776 182.5 90 3
0.851806 0.640571 0.220108 202.5 88.75 3
0.873552 0.620044 0.165472 218.75 90 3
0.867524 0.61478 0.134264 231.25 86.25 3
0.85472 0.604162 0.13069 237.5 90 3
0.845145 0.601862 0.131392 242.5 90 3
0.839943 0.601141 0.13858 247.5 90 3
0.265969 0.192224 0.0303263 252.5 90 3
0.708984 0.779876 0.484342 261.25 90 3
0.506157 0.318951 0.154356 315 82.5 3
0.637352 0.476075 0.321909 335 82.5 3
0.618866 0.453514 0.299615 351.25 83.75 3
0.563036 0.408871 0.256093 383.75 87.5 3
0.544712 0.390123 0.243715 398.75 87.5 3
0.518675 0.373193 0.232995 416.25 90 3
0.808055 0.729789 0.217245 47.5 95 3
0.879297 0.794094 0.272226 83.75 95 3
0.897437 0.808854 0.278297 93.75 95 3
0.913881 0.822683 0.291209 105 95 3
0.917794 0.809154 0.310724 110 95 3
0.965817 0.870733 0.273015 147.5 95 3
0.864666 0.621216 0.145915 225 90 3
0.687112 0.515871 0.0536405 283.75 95 3
0.678529 0.509828 0.352023 310 88.75 3
0.494292 0.360196 0.236569 330 87.5 3
0.599458 0.453184 0.303703 350 92.5 3
0.595819 0.435561 0.274632 360 93.75 3
0.580556 0.42165 0.261298 370 92.5 3
0.566445 0.416096 0.256399 377.5 95 3
0.52897 0.383122 0.235153 406.25 92.5 3
0.505827 0.365364 0.221023 426.25 92.5 3
0.495769 0.360986 0.234458 435 92.5 3
0.438558 0.326909 0.00743457 470 92.5 3
0.404135 0.307982 0.0504699 497.5 95 3
0.78067 0.706664 0.234836 32.5 100 3
0.784021 0.710553 0.206011 38.75 98.75 3
0.798354 0.719848 0.205404 45 100 3
0.823149 0.744496 0.232425 55 97.5 3
0.844693 0.759291 0.252054 65 98.75 3
0.895546 0.808866 0.277951 93.75 97.5 3
0.80044 0.484571 0.265742 187.5 100 3
0.587965 0.402714 0.143971 192.5 100 3
0.659417 0.517936 0.337149 310 95 3
0.755272 0.645642 0.463578 327.5 93.75 3
0.721164 0.626027 0.446032 337.5 100 3
0.349138 0.255731 0.150808 346.25 100 3
0.554963 0.406515 0.250986 385 97.5 3
0.510197 0.369442 0.229368 422.5 98.75 3
0.436846 0.323478 0.0327327 470 100 3
0.743651 0.670778 0.224433 12.5 105 3
0.761874 0.687345 0.230853 22.5 105 3
0.771093 0.695725 0.234101 27.5 105 3
0.868456 0.785033 0.259069 80 102.5 3
0.960349 0.854929 0.273003 160 98.75 3
0.878744 0.630432 0.168044 201.25 105 3
0.821596 0.611257 0.21 208.75 105 3
0.861343 0.621414 0.149193 215 102.5 3
0.861822 0.614825 0.138131 225 100 3
0.854907 0.610465 0.13686 228.75 103.75 3
0.692994 0.773093 0.475454 265 101.25 3
0.689301 0.757648 0.477098 271.25 103.75 3
0.653895 0.490119 0.0567459 295 100 3
0.742124 0.647393 0.440102 323.75 102.5 3
0.732729 0.638868 0.429662 331.25 105 3
0.521517 0.387739 0.228418 407.5 101.25 3
0.490279 0.356683 0.232454 436.25 101.25 3
0.223725 0.105498 0.00404078 447.5 105 3
0.413918 0.304253 0.0152188 478.75 105 3
0.724066 0.652973 0.217532 2.5 110 3
0.732876 0.660982 0.220636 7.5 110 3
0.750781 0.67726 0.226945 17.5 110 3
0.853875 0.774059 0.238766 76.25 110 3
0.712735 0.549532 0.052772 113.75 106.25 3
0.736372 0.559503 0.0619955 131.25 110 3
0.94421 0.843614 0.226463 155 107.5 3
0.952714 0.853309 0.245185 165 105 3
0.840574 0.598959 0.13178 235 110 3
0.832059 0.594791 0.136199 241.25 108.75 3
0.806178 0.590614 0.215945 247.5 110 3
0.699121 0.762351 0.463568 258.75 106.25 3
0.66796 0.580654 0.428908 351.25 108.75 3
0.556847 0.419586 0.262451 365 102.5 3
0.78859 0.713962 0.236544 40 115 3
0.802354 0.724962 0.232911 46.25 112.5 3
0.820208 0.742433 0.216359 57.5 108.75 3
0.840446 0.755048 0.223872 70 115 3
0.839643 0.756836 0.232308 70 115 3
0.878218 0.793113 0.271845 90 115 3
0.89121 0.803206 0.273406 95 110 3
0.907839 0.809451 0.319863 100 115 3
0.685997 0.513958 0.0307288 116.25 113.75 3
0.492071 0.469196 0.267044 141.25 112.5 3
0.936826 0.835718 0.217473 152.5 111.25 3
0.862622 0.624037 0.147773 202.5 113.75 3
0.841213 0.602858 0.128919 220 115 3
0.846015 0.60958 0.131025 227.5 112.5 3
0.725992 0.642608 0.427104 330 111.25 3
0.132308 0.066733 0 375 107.5 3
0.117168 0.0558074 0 395 107.5 3
0.161748 0.0741254 0 415 107.5 3
0.179213 0.0960336 0 435 107.5 3
0.416644 0.305883 0.0268183 496.25 113.75 3
0.772197 0.697448 0.236351 32.5 120 3
0.818064 0.739253 0.247353 57.5 120 3
0.82928 0.745257 0.242807 63.75 120 3
0.868157 0.780466 0.264816 85 117.5 3
0.930002 0.838639 0.195065 161.25 117.5 3
0.114428 0.0475478 0.00283365 187.5 116.25 3
0.698367 0.637161 0.164251 367.5 118.75 3
0.700721 0.635178 0.170728 368.75 115 3
0.687005 0.611719 0.170704 380 115 3
0.666498 0.590274 0.156944 391.25 113.75 3
0.641395 0.569604 0.155276 406.25 116.25 3
0.480305 0.360738 0.0279824 421.25 115 3
0.584204 0.526879 0.135238 442.5 115 3
0.585751 0.525673 0.154148 450 118.75 3
0.558778 0.501907 0.110292 462.5 118.75 3
0.55229 0.491047 0.128221 471.25 120 3
0.426498 0.31343 0.00189437 486.25 118.75 3
0.416515 0.304642 0.0229792 486.25 120 3
0.734739 0.662676 0.221293 12.5 125 3
0.756612 0.682561 0.228999 25 125 3
0.756724 0.682663 0.229039 25 125 3
0.783313 0.706835 0.238407 40 125 3
0.803059 0.724786 0.246987 50 122.5 3
0.922889 0.818031 0.209907 150 120 3
0.928164 0.842072 0.222282 167.5 125 3
0.944842 0.850041 0.26021 172.5 125 3
0.0809663 0.0520367 0.00186788 192.5 118.75 3
0.844646 0.603063 0.126573 217.5 120 3
0.829936 0.593025 0.142544 237.5 120 3
0.497786 0.420871 0.307419 325 121.25 3
0.650346 0.584521 0.136104 395 120 3
0.633722 0.574331 0.129635 401.25 125 3
0.497593 0.361132 0.00146642 420 122.5 3
0.540007 0.486288 0.102651 463.75 121.25 3
0.719127 0.648484 0.215792 5 130 3
0.719234 0.648581 0.21583 5 130 3
0.740542 0.667952 0.223338 17.5 130 3
0.833649 0.752499 0.235206 71.25 130 3
0.695577 0.516874 0.00865323 105 127.5 3
0.717675 0.521733 0.01531 121.25 130 3
0.739208 0.539115 0.056458 127.5 130 3
0.728166 0.789549 0.53042 137.5 130 3
0.92324 0.82625 0.203537 160 127.5 3
0.932744 0.827965 0.278554 177.5 130 3
0.105924 0.0545161 0.0138803 186.25 130 3
0.0929558 0.0480368 0.0110728 192.5 127.5 3
0.843745 0.594789 0.133983 208.75 126.25 3
0.803207 0.571669 0.149213 257.5 123.75 3
0.600955 0.459699 0.046499 310 130 3
0.599053 0.637539 0.422546 340 126.25 3
0.518494 0.396766 0.0697642 358.75 128.75 3
0.708405 0.625445 0.21376 370 127.5 3
0.660306 0.587227 0.161355 390 130 3
0.45429 0.333104 0.0417653 438.75 127.5 3
0.417242 0.302381 0.00388709 496.25 127.5 3
0.77616 0.700332 0.235887 40 135 3
0.791356 0.714147 0.241241 48.75 135 3
0.81246 0.733931 0.24211 62.5 135 3
0.598498 0.472354 0.141058 82.5 135 3
0.866174 0.778755 0.269952 90 130 3
0.915673 0.816063 0.222101 148.75 131.25 3
0.0751846 0.0468835 0.0127197 197.5 135 3
0.809811 0.58061 0.128516 248.75 130 3
0.813381 0.613825 0.224903 240 133.75 3
0.789093 0.571724 0.167473 257.5 133.75 3
0.647296 0.697852 0.443375 295 130 3
0.567175 0.629398 0.380553 343.75 135 3
0.490396 0.367995 0.0412684 411.25 132.5 3
0.498188 0.355277 0.0180176 420 132.5 3
0.57196 0.508691 0.120239 452.5 128.75 3
0.551897 0.494355 0.108757 465 132.5 3
0.546802 0.485163 0.128682 476.25 132.5 3
0.765728 0.690848 0.232211 35 137.5 3
0.797759 0.719968 0.245113 55 140 3
0.80456 0.726002 0.242384 60 140 3
0.681445 0.504864 0.0477887 105 137.5 3
0.904329 0.811739 0.20294 153.75 137.5 3
0.918585 0.826493 0.229656 163.75 137.5 3
0.0708141 0.0402537 0 275 133.75 3
0.563195 0.427427 0.085012 313.75 140 3
0.584758 0.633587 0.395608 332.5 133.75 3
0.557371 0.621071 0.372222 347.5 140 3
0.573197 0.613174 0.390748 352.5 140 3
0.51388 0.390351 0.0338677 383.75 140 3
0.49212 0.49961 0.336932 431.25 137.5 3
0.527583 0.457767 0.136014 483.75 140 3
0.728197 0.656729 0.218988 15 142.5 3
0.742901 0.670097 0.224169 25 145 3
0.753343 0.67959 0.227848 30 142.5 3
0.623804 0.492692 0.018621 77.5 145 3
0.706676 0.755828 0.519199 138.75 145 3
0.927592 0.816034 0.266747 165 145 3
0.805677 0.5807 0.166622 207.5 145 3
0.0622143 0.0339064 0.0035335 275 140 3
0.637047 0.698929 0.423766 290 145 3
0.630862 0.687849 0.43509 300 140 3
0.600807 0.640429 0.416522 327.5 145 3
0.569301 0.64147 0.385037 333.75 145 3
0.638564 0.561625 0.158069 396.25 142.5 3
0.479373 0.352456 0.0138518 408.75 142.5 3
0.451863 0.334883 0.0344513 445 142.5 3
0.398322 0.284573 0.0248039 462.5 145 3
0.546891 0.467873 0.160333 470 145 3
0.536146 0.483416 0.102002 476.25 141.25 3
0.706588 0.637085 0.211374 5 150 3
0.716476 0.646074 0.214858 10 147.5 3
0.78695 0.708613 0.24021 53.75 150 3
0.713447 0.744365 0.512677 115 150 3
0.896162 0.809963 0.220305 155 150 3
0.683814 0.516475 0.060253 176.25 150 3
0.898329 0.875794 0.867764 241.25 150 3
0.652481 0.705165 0.463011 280 146.25 3
0.633284 0.665989 0.440659 311.25 150 3
0.208051 0.12956 0 321.25 148.75 3
0.565922 0.628847 0.379444 337.5 150 3
0.483217 0.358157 0.0374014 387.5 150 3
0.459365 0.516758 0.311738 427.5 150 3
0.428574 0.311889 0.0434389 453.75 147.5 3
0.736764 0.664517 0.218989 26.25 155 3
0.768535 0.691978 0.230306 45 155 3
0.775808 0.699291 0.232317 50 155 3
0.800321 0.709119 0.262207 65 152.5 3
0.604159 0.472564 0.0342212 72.5 155 3
0.657745 0.4958 0.0163137 97.5 155 3
0.72728 0.718958 0.50971 132.5 155 3
0.319968 0.17293 0.00340237 201.25 155 3
0.663614 0.726831 0.464396 265 150 3
0.620897 0.690942 0.419036 295 150 3
0.610347 0.672565 0.420442 303.75 152.5 3
0.557209 0.616933 0.373546 343.75 152.5 3
0.570933 0.592586 0.381688 358.75 155 3
0.53822 0.395034 0.0336721 370 155 3
0.452844 0.508298 0.306435 432.5 155 3
0.474062 0.494968 0.320492 440 155 3
0.448779 0.320014 0.00842007 462.5 152.5 3
0.41901 0.305256 0.00571153 490 155 3
0.69738 0.628714 0.20813 3.75 160 3
0.724818 0.653657 0.217797 20 157.5 3
0.75188 0.677561 0.220932 35 155 3
0.694159 0.725609 0.490608 112.5 156.25 3
0.720183 0.551232 0.0900093 165 156.25 3
0.70357 0.521087 0.0331863 166.25 160 3
0.804411 0.559691 0.123166 228.75 156.25 3
0.649609 0.715316 0.446482 268.75 156.25 3
0.640888 0.706335 0.442877 276.25 160 3
0.632804 0.695208 0.435541 281.25 160 3
0.544602 0.603103 0.36471 350 160 3
0.509563 0.373549 0.0349811 400 155 3
0.500549 0.367031 0.00979349 402.5 160 3
0.447009 0.323259 0.0162068 456.25 160 3
0.712811 0.642741 0.213567 15 162.5 3
0.762702 0.686098 0.233136 45 162.5 3
0.630946 0.478682 0.00257593 81.25 165 3
0.625259 0.468015 0.0311066 81.25 165 3
0.700041 0.743965 0.52066 110 162.5 3
0.682252 0.73985 0.499072 136.25 163.75 3
0.886147 0.760209 0.263274 156.25 162.5 3
0.674746 0.515356 0.086412 187.5 165 3
0.634743 0.689768 0.445341 265 162.5 3
0.623884 0.689682 0.428119 286.25 162.5 3
0.619754 0.684684 0.433885 295 161.25 3
0.597921 0.665187 0.414352 310 160 3
0.579712 0.637776 0.412254 326.25 162.5 3
0.569236 0.634141 0.402431 331.25 165 3
0.549581 0.606893 0.373219 345 165 3
0.538342 0.593933 0.363619 353.75 165 3
0.53008 0.387052 0.0261811 376.25 163.75 3
0.437512 0.498231 0.297088 437.5 165 3
0.446251 0.31956 0.0185143 465 158.75 3
0.702521 0.633387 0.209941 12.5 170 3
0.725758 0.654512 0.215144 26.25 167.5 3
0.769798 0.694543 0.247715 55 167.5 3
0.583208 0.468999 0.0339948 67.5 170 3
0.774442 0.540879 0.228499 205 166.25 3
0.661194 0.714261 0.441173 250 170 3
0.609389 0.674358 0.426456 298.75 165 3
0.582595 0.641853 0.411657 317.5 170 3
0.555755 0.616224 0.384523 340 170 3
0.530144 0.576372 0.347393 360 167.5 3
0.263096 0.168718 0.0032372 382.5 170 3
0.484715 0.360362 0.0294321 402.5 166.25 3
0.41094 0.302914 0.0274905 477.5 165 3
0.413589 0.441183 0.272617 497.5 170 3
0.689427 0.621483 0.206035 5 172.5 3
0.738948 0.662201 0.22426 35 170 3
0.359839 0.247954 0 43.75 173.75 3
0.735083 0.654109 0.234256 57.5 175 3
0.62909 0.482302 0.00130739 91.25 173.75 3
0.667215 0.729198 0.500792 111.25 172.5 3
0.689306 0.742687 0.518657 120 170 3
0.257907 0.237569 0.111168 142.5 175 3
0.408124 0.401606 0.283105 172.5 175 3
0.759546 0.533913 0.269007 218.75 172.5 3
0.498382 0.328923 0.12284 223.75 171.25 3
0.645437 0.712459 0.429066 257.5 170 3
0.631884 0.70312 0.429039 260 175 3
0.590758 0.655557 0.418228 310 170 3
0.572397 0.63528 0.407965 322.5 175 3
0.0379818 0.0231439 0 420 167.5 3
0.193751 0.189972 0.137243 427.5 172.5 3
0.446752 0.484749 0.293566 445 170 3
0.708054 0.638418 0.211891 22.5 180 3
0.716752 0.644262 0.21444 27.5 180 3
0.505677 0.401959 0.0286587 62.5 180 3
0.662575 0.726783 0.474255 126.25 177.5 3
0.665577 0.716361 0.486561 137.5 180 3
0.133843 0.0329178 0 203.75 173.75 3
0.627911 0.693033 0.431691 273.75 173.75 3
0.613153 0.681887 0.438504 283.75 176.25 3
0.60666 0.673759 0.434118 292.5 175 3
0.600306 0.666447 0.428657 298.75 177.5 3
0.56388 0.626362 0.40543 328.75 180 3
0.558049 0.61854 0.397219 335 177.5 3
0.523675 0.57783 0.357693 360 177.5 3
0.551715 0.551696 0.383045 367.5 180 3
0.379583 0.269352 0.0288278 372.5 180 3
0.255131 0.23115 0.180509 388.75 176.25 3
0.232714 0.224526 0.18372 420 176.25 3
0.0840763 0.0804149 0.0218293 432.5 180 3
0.444584 0.48028 0.300633 450 177.5 3
0.684803 0.616513 0.203938 10 185 3
0.699527 0.630665 0.208886 20 185 3
0.730796 0.64984 0.22132 35 180 3
0.621357 0.471571 0.00495161 88.75 182.5 3
0.663929 0.714354 0.484531 110 178.75 3
0.649061 0.713764 0.444872 130 182.5 3
0.388686 0.386012 0.254913 146.25 185 3
0.0899445 0.0427988 0.0113816 216.25 181.25 3
0.68071 0.717401 0.488824 228.75 183.75 3
0.651432 0.711567 0.447985 236.25 183.75 3
0.635591 0.708149 0.427186 247.5 180 3
0.630753 0.697554 0.44103 267.5 178.75 3
0.586861 0.653192 0.420253 307.5 181.25 3
0.542192 0.60299 0.387683 346.25 185 3
0.53243 0.588978 0.377569 352.5 185 3
0.337112 0.351963 0.303281 398.75 182.5 3
0.276498 0.293543 0.238564 415 181.25 3
0.43588 0.48908 0.290806 437.5 185 3
0.435236 0.483759 0.274609 442.5 185 3
0.421511 0.452791 0.273117 460 185 3
0.401529 0.43026 0.254652 466.25 185 3
0.431242 0.455848 0.285904 471.25 182.5 3
0.412458 0.442818 0.281462 492.5 185 3
0.687716 0.618221 0.23598 6.25 190 3
0.694582 0.626169 0.207859 20 190 3
0.35894 0.240973 0 42.5 190 3
0.561504 0.432976 0.02884 50 190 3
0.569814 0.450635 0.00342402 67.5 190 3
0.618033 0.459061 0.0205598 88.75 190 3
0.647008 0.668188 0.463835 102.5 190 3
0.643267 0.709963 0.460663 115 185 3
0.408349 0.404053 0.265435 151.25 187.5 3
0.44515 0.438256 0.307062 181.25 187.5 3
0.621435 0.696742 0.431102 250 188.75 3
0.622641 0.69398 0.440599 260 187.5 3
0.616441 0.684447 0.441569 266.25 190 3
0.611172 0.678727 0.437459 271.25 190 3
0.602911 0.669632 0.431343 280 190 3
0.593889 0.65962 0.427211 290 190 3
0.590053 0.655163 0.422625 297.5 188.75 3
0.584058 0.648106 0.425456 306.25 190 3
0.579452 0.643722 0.422933 311.25 190 3
0.54929 0.612253 0.392954 340 185 3
0.519646 0.57247 0.365327 360 187.5 3
0.322109 0.345007 0.291619 407.5 188.75 3
0.317225 0.327109 0.282005 422.5 190 3
0.424068 0.471508 0.275289 455 187.5 3
0.186847 0.119698 0 477.5 190 3
0.421586 0.306843 0.0169005 482.5 190 3
0.392884 0.436657 0.25719 497.5 190 3
0.716426 0.640485 0.221606 35 192.5 3
0.644534 0.645795 0.459543 77.5 195 3
0.591124 0.441716 0.0985197 87.5 195 3
0.623134 0.689448 0.441409 111.25 192.5 3
0.630364 0.699113 0.441505 120 191.25 3
0.625383 0.692702 0.430878 128.75 193.75 3
0.428105 0.422135 0.280457 160 193.75 3
0.420162 0.425292 0.299639 178.75 195 3
0.424346 0.420026 0.301441 190 192.5 3
0.624916 0.694087 0.432867 250 191.25 3
0.60309 0.669829 0.432263 280 190 3
0.573944 0.636834 0.422703 312.5 195 3
0.568462 0.630807 0.417795 320 192.5 3
0.555427 0.617418 0.403724 330 192.5 3
0.427997 0.439147 0.320889 382.5 195 3
0.245307 0.239375 0.192882 387.5 195 3
0.204966 0.229441 0.181118 411.25 195 3
0.236002 0.2287 0.182954 427.5 195 3
0.428787 0.478527 0.281338 445 195 3
0.68057 0.613432 0.196612 15 197.5 3
0.557593 0.430037 0.0070014 51.25 200 3
0.564516 0.43462 0.0532549 61.25 198.75 3
0.64791 0.692546 0.479286 137.5 200 3
0.368113 0.375665 0.248648 146.25 197.5 3
0.404308 0.400989 0.272992 157.5 200 3
0.421292 0.42043 0.29156 175 198.75 3
0.409792 0.415651 0.286309 190 200 3
0.100083 0.0645983 0.00694441 213.75 193.75 3
0.647689 0.699971 0.43452 222.5 200 3
0.63486 0.699888 0.440598 232.5 193.75 3
0.544973 0.605266 0.395677 335 197.5 3
0.534415 0.593652 0.382091 345 197.5 3
0.514573 0.570864 0.371785 360 197.5 3
0.525625 0.563519 0.369059 366.25 198.75 3
0.331093 0.357328 0.309339 397.5 200 3
0.0883802 0.0847641 0.0252394 432.5 200 3
0.422715 0.473131 0.279683 450 197.5 3
0.416599 0.458316 0.276664 466.25 197.5 3
0.495293 0.378192 0.0282072 2.5 205 3
0.689206 0.620642 0.206411 25 202.5 3
0.706529 0.632443 0.22615 35 202.5 3
0.615695 0.681759 0.442424 110 200 3
0.613902 0.684275 0.423211 131.25 202.5 3
0.41509 0.412579 0.282528 167.5 200 3
0.406044 0.409403 0.280895 196.25 202.5 3
0.407719 0.404377 0.28596 202.5 205 3
0.221642 0.209195 0.133925 207.5 205 3
0.0623196 0.0441501 0.000652598 216.25 205 3
0.626477 0.684553 0.435064 227.5 205 3
0.623409 0.691293 0.443439 245 197.5 3
0.596014 0.662039 0.426236 271.25 202.5 3
0.589158 0.654412 0.422137 280 202.5 3
0.580073 0.645941 0.414626 290 202.5 3
0.575585 0.638939 0.416432 297.5 205 3
0.563899 0.625789 0.415801 315 202.5 3
0.523042 0.581973 0.37466 348.75 205 3
0.505059 0.541938 0.36066 377.5 205 3
0.320914 0.346016 0.297645 405 205 3
0.288281 0.319178 0.271552 415 203.75 3
0.315383 0.335115 0.287752 418.75 202.5 3
0.446343 0.483824 0.291155 437.5 205 3
0.418187 0.46569 0.27569 455 202.5 3
0.404561 0.447314 0.269512 472.5 205 3
0.388684 0.402662 0.249058 491.25 205 3
0.388609 0.436044 0.256652 495 202.5 3
0.67521 0.609955 0.202402 18.75 207.5 3
0.534655 0.409906 0.0131287 47.5 210 3
0.548881 0.417296 0.00632066 52.5 210 3
0.560059 0.435588 0.00612461 66.25 207.5 3
0.555951 0.425619 0.0987005 72.5 210 3
0.616832 0.662405 0.454765 103.75 208.75 3
0.610615 0.678448 0.432954 125 206.25 3
0.615243 0.68678 0.440429 235 205 3
0.613227 0.680908 0.439188 250 202.5 3
0.605164 0.674091 0.431654 258.75 206.25 3
0.571146 0.635493 0.403832 288.75 210 3
0.558161 0.619553 0.407593 315 207.5 3
0.549978 0.610626 0.398357 320 210 3
0.543262 0.601737 0.392054 330 207.5 3
0.516099 0.573654 0.367447 353.75 207.5 3
0.503437 0.553324 0.357759 368.75 210 3
0.409621 0.456209 0.269287 465 207.5 3
0.671492 0.595795 0.20285 20 215 3
0.532051 0.41448 0.0294227 43.75 213.75 3
0.61057 0.633324 0.453667 80 212.5 3
0.61681 0.682692 0.4636 115 210 3
0.615684 0.679637 0.454238 125 211.25 3
0.400283 0.4076 0.289131 153.75 210 3
0.407442 0.411511 0.292494 167.5 210 3
0.418562 0.421051 0.293708 192.5 210 3
0.610236 0.673973 0.431863 243.75 211.25 3
0.579349 0.651422 0.412152 273.75 213.75 3
0.572672 0.640206 0.405725 280 215 3
0.567311 0.629615 0.414524 300 212.5 3
0.532065 0.589728 0.380163 335 211.25 3
0.512587 0.568833 0.366239 355 213.75 3
0.506291 0.561851 0.361713 361.25 215 3
0.432625 0.458479 0.326088 382.5 215 3
0.268152 0.268157 0.22265 388.75 212.5 3
0.238591 0.220624 0.18167 427.5 215 3
0.422974 0.473301 0.274943 445 210 3
0.415838 0.464833 0.272304 452.5 213.75 3
0.404608 0.444128 0.26879 475 215 3
0.404146 0.436609 0.267159 483.75 213.75 3
0.498589 0.37016 0.00556316 5 217.5 3
0.661929 0.567188 0.222213 17.5 218.75 3
0.556703 0.419798 0.0103676 62.5 215 3
0.642414 0.687124 0.484448 140 217.5 3
0.629365 0.675594 0.468886 218.75 218.75 3
0.616939 0.673534 0.442427 233.75 215 3
0.601754 0.665418 0.430554 247.5 216.25 3
0.592898 0.661406 0.422409 258.75 215 3
0.556149 0.616615 0.396616 306.25 217.5 3
0.541277 0.600484 0.386474 320 217.5 3
0.524252 0.583597 0.372071 332.5 218.75 3
0.530122 0.575061 0.378098 340 217.5 3
0.498908 0.547561 0.363472 370 217.5 3
0.323872 0.351466 0.302556 400 215 3
0.319407 0.34693 0.297998 412.5 218.75 3
0.076353 0.0692574 0.0145428 432.5 220 3
0.407077 0.457011 0.270394 461.25 217.5 3
0.407108 0.453946 0.270523 463.75 218.75 3
0.397361 0.435263 0.261144 482.5 218.75 3
0.388507 0.430722 0.253211 492.5 220 3
0.622739 0.67301 0.482169 122.5 218.75 3
0.634492 0.687886 0.477394 156.25 221.25 3
0.138444 0.161879 0.0161375 175 217.5 3
0.277978 0.288477 0.154444 195 217.5 3
0.60546 0.661886 0.436844 233.75 222.5 3
0.582277 0.643629 0.409777 261.25 221.25 3
0.561171 0.624054 0.403603 292.5 220 3
0.499796 0.542299 0.360037 370 222.5 3
0.429058 0.471718 0.271776 440 220 3
0.387799 0.423193 0.25758 497.5 225 3
0.531415 0.406891 0.0351273 60 222.5 3
0.638846 0.685193 0.487023 175 222.5 3
0.631553 0.682508 0.46196 195 223.75 3
0.620209 0.673315 0.456211 203.75 225 3
0.616968 0.667331 0.449433 220 225 3
0.59505 0.653772 0.425804 245 225 3
0.561691 0.625739 0.391151 280 225 3
0.572869 0.613361 0.420886 286.25 228.75 3
0.532143 0.564525 0.39124 350 223.75 3
0.424517 0.454182 0.291791 455 225 3
0.238332 0.21542 0.168299 40 231.25 3
0.292188 0.260474 0.207402 86.25 231.25 3
0.302833 0.265323 0.21955 95 227.5 3
0.30025 0.268649 0.216772 105 231.25 3
0.306339 0.281803 0.216113 136.25 232.5 3
0.65475 0.677512 0.518306 190 231.25 3
0.623875 0.661432 0.467476 200 231.25 3
0.603658 0.655592 0.444079 227.5 230 3
0.596212 0.635154 0.444284 250 228.75 3
0.193914 0.183112 0.104764 342.5 230 3
0.143012 0.125518 0.0878739 408.75 231.25 3
0.419317 0.431414 0.300024 445 227.5 3
0.41114 0.439339 0.29066 472.5 230 3
0.261295 0.233295 0.191329 23.75 240 3
0.272453 0.242985 0.200902 55 236.25 3
0.278445 0.248392 0.2059 51.25 236.25 3
0.277801 0.242476 0.198765 62.5 238.75 3
0.284559 0.251816 0.20996 70 240 3
0.285015 0.253956 0.199327 100 237.5 3
0.300097 0.268233 0.218948 126.25 236.25 3
0.286257 0.260568 0.206052 160 232.5 3
0.290383 0.265712 0.204654 178.75 237.5 3
0.240346 0.218062 0.152693 255 236.25 3
0.244683 0.22494 0.156697 272.5 237.5 3
0.21691 0.19357 0.130782 296.25 238.75 3
0.034049 0.0345036 0 305 232.5 3
0.237869 0.214926 0.152236 313.75 237.5 3
0.244611 0.21535 0.170797 342.5 240 3
0.236314 0.210817 0.163707 356.25 237.5 3
0.216774 0.196195 0.151194 388.75 233.75 3
0.208733 0.178994 0.137634 403.75 237.5 3
0.195946 0.173307 0.134988 432.5 238.75 3
0.0703431 0.0501858 0.0194774 430 236.25 3
0.143019 0.116923 0.0833182 450 235 3
0.0580364 0.0446169 0.00952373 460 232.5 3
0.247896 0.226467 0.185564 8.75 242.5 3
0.271774 0.243823 0.198505 28.75 245 3
0.281154 0.252608 0.206396 40 242.5 3
0.278167 0.248455 0.202432 35 241.25 3
0.267809 0.240897 0.188514 85 237.5 3
0.266375 0.23387 0.182913 107.5 241.25 3
0.280697 0.248486 0.197538 117.5 238.75 3
0.298882 0.265747 0.215288 146.25 245 3
0.311482 0.277826 0.225813 150 238.75 3
0.308996 0.275148 0.227457 167.5 238.75 3
0.272776 0.254682 0.180118 206.25 243.75 3
0.0708904 0.0595483 0.013993 215 237.5 3
0.229308 0.203627 0.149834 285 242.5 3
0.247941 0.218404 0.171293 297.5 243.75 3
0.244332 0.217873 0.169139 310 240 3
0.252543 0.220441 0.176293 340 238.75 3
0.233682 0.206519 0.161903 357.5 243.75 3
0.239499 0.212748 0.168159 368.75 242.5 3
0.2429 0.217153 0.175698 381.25 238.75 3
0.223443 0.192496 0.153086 401.25 242.5 3
0.17652 0.150839 0.115461 445 238.75 3
0.165039 0.141347 0.106124 466.25 245 3
0.145714 0.123201 0.0881043 470 242.5 3
0.0652255 0.0564616 0.0297878 492.5 240 3
0.246016 0.22043 0.181383 3.75 247.5 3
0.24865 0.222842 0.181352 13.75 250 3
0.285158 0.253535 0.208152 55 247.5 3
0.292861 0.261864 0.214668 72.5 246.25 3
0.295205 0.267263 0.21497 85 245 3
0.293329 0.259933 0.211538 85 248.75 3
0.285929 0.255518 0.201926 100 247.5 3
0.290837 0.25893 0.208466 126.25 246.25 3
0.304711 0.27057 0.220881 138.75 250 3
0.316699 0.284785 0.233606 138.75 250 3
0.305606 0.273296 0.222968 153.75 247.5 3
0.306079 0.272843 0.220709 162.5 246.25 3
0.298901 0.267013 0.212331 175 245 3
0.285264 0.257189 0.204028 187.5 245 3
0.291889 0.263355 0.205349 213.75 246.25 3
0.291489 0.25242 0.206568 222.5 245 3
0.287201 0.254594 0.204201 232.5 248.75 3
0.262385 0.230641 0.178973 255 242.5 3
0.266066 0.236555 0.185414 275 245 3
0.252999 0.223187 0.17509 322.5 246.25 3
0.23703 0.211145 0.163362 335 248.75 3
0.231918 0.203251 0.160262 350 246.25 3
0.229002 0.202292 0.160055 378.75 250 3
0.231646 0.201448 0.161398 387.5 246.25 3
0.207416 0.180755 0.140474 415 245 3
0.19865 0.173315 0.1342 435 245 3
0.189985 0.166373 0.128708 448.75 248.75 3
0.176027 0.152943 0.112287 465 250 3
0.138111 0.119618 0.0847296 496.25 247.5 3
0.269323 0.240783 0.195638 35 252.5 3
0.27883 0.243067 0.199863 47.5 252.5 3
0.296611 0.264442 0.214007 113.75 248.75 3
0.311134 0.27931 0.227549 158.75 255 3
0.295207 0.259985 0.208976 195 250 3
0.275809 0.243532 0.193667 250 247.5 3
0.274712 0.244473 0.192608 265 250 3
0.262896 0.231865 0.185321 285 250 3
0.220997 0.194666 0.150776 372.5 250 3
0.190977 0.165712 0.125425 400 251.25 3
0.206257 0.182976 0.143981 422.5 251.25 3
0.191777 0.167538 0.127497 442.5 255 3
0.184624 0.161468 0.122302 460 253.75 3
0.186903 0.16319 0.123472 458.75 255 3
0.171838 0.149861 0.110768 481.25 255 3
0.157494 0.135152 0.100034 487.5 253.75 3
0.249318 0.216023 0.182723 3.75 260 3
0.264245 0.234228 0.191373 16.25 260 3
0.270897 0.237171 0.194357 22.5 256.25 3
0.268066 0.233594 0.191185 40 257.5 3
0.296439 0.258662 0.214705 65 255 3
0.300568 0.266526 0.221356 75 255 3
0.315732 0.284288 0.227974 128.75 253.75 3
0.316366 0.283751 0.23261 167.5 255 3
0.303075 0.26904 0.220197 176.25 256.25 3
0.311484 0.274372 0.22541 205 253.75 3
0.311756 0.28095 0.231062 220 256.25 3
0.287031 0.254889 0.205954 228.75 256.25 3
0.29625 0.265039 0.215685 250 252.5 3
0.2668 0.23585 0.189739 290 260 3
0.242748 0.212723 0.167705 301.25 257.5 3
0.251122 0.220737 0.175822 328.75 256.25 3
0.243049 0.215516 0.172606 350 257.5 3
0.230206 0.203142 0.159704 362.5 257.5 3
0.208271 0.186151 0.145944 415 260 3
0.201657 0.178057 0.137757 427.5 255 3
0.196471 0.172044 0.133422 436.25 256.25 3
0.167667 0.145101 0.109416 495 260 3
0.283884 0.247228 0.203918 51.25 262.5 3
0.292352 0.26074 0.215028 58.75 262.5 3
0.276564 0.24556 0.199424 85 265 3
0.0633516 0.036448 0.00574858 95 257.5 3
0.300799 0.268713 0.221316 150 260 3
0.211379 0.174485 0.126522 185 257.5 3
0.322194 0.287226 0.239173 200 262.5 3
0.135191 0.104311 0.0554799 250 257.5 3
0.282149 0.245195 0.200581 275 261.25 3
0.266596 0.237517 0.19154 305 260 3
0.25885 0.230234 0.184975 312.5 263.75 3
0.257989 0.230887 0.185287 320 262.5 3
0.221148 0.195483 0.151196 341.25 263.75 3
0.0337173 0.0147657 0 390 257.5 3
0.188676 0.164793 0.127019 450 260 3
0.17325 0.151955 0.112526 481.25 262.5 3
0.266061 0.231451 0.193696 10 265 3
0.266085 0.238989 0.195192 26.25 263.75 3
0.276838 0.244009 0.19806 46.25 267.5 3
0.288025 0.255726 0.211964 70 268.75 3
0.102914 0.0723741 0.0308333 65 267.5 3
0.294354 0.264819 0.218806 90 268.75 3
0.30014 0.270236 0.223653 95 265 3
0.300604 0.270539 0.225116 103.75 266.25 3
0.306425 0.271771 0.225778 120 266.25 3
0.314965 0.280751 0.233687 127.5 265 3
0.323586 0.290758 0.241151 185 262.5 3
0.296316 0.263469 0.215582 208.75 270 3
0.304811 0.272035 0.223564 222.5 268.75 3
0.307869 0.277207 0.228715 245 262.5 3
0.299136 0.26617 0.219867 262.5 263.75 3
0.242619 0.21606 0.171362 332.5 265 3
0.199906 0.173689 0.131236 356.25 268.75 3
0.223643 0.197373 0.156446 375 266.25 3
0.214624 0.190619 0.148581 390 263.75 3
0.210437 0.185775 0.145839 405 265 3
0.182348 0.157457 0.11899 428.75 270 3
0.200581 0.17596 0.137908 440 266.25 3
0.174386 0.152355 0.116691 490 268.75 3
0.288036 0.254311 0.210464 78.75 272.5 3
0.300109 0.265772 0.220227 113.75 268.75 3
0.305167 0.267583 0.222191 137.5 270 3
0.314292 0.276922 0.22949 170 268.75 3
0.310334 0.2751 0.228341 182.5 268.75 3
0.308505 0.274098 0.226763 205 268.75 3
0.287988 0.253487 0.205548 222.5 273.75 3
0.294556 0.264177 0.21613 238.75 268.75 3
0.296696 0.265274 0.216419 248.75 271.25 3
0.292956 0.25768 0.212685 260 271.25 3
0.292785 0.25504 0.211111 270 271.25 3
0.266494 0.231483 0.187723 290 271.25 3
0.262033 0.232088 0.187521 301.25 271.25 3
0.240192 0.220182 0.173066 323.75 273.75 3
0.239966 0.213511 0.17068 345 272.5 3
0.229068 0.202641 0.160847 362.5 273.75 3
0.209795 0.184692 0.14405 387.5 270 3
0.203227 0.177164 0.137782 408.75 272.5 3
0.198883 0.173934 0.135948 425 272.5 3
0.170041 0.146136 0.109191 457.5 273.75 3
0.253351 0.220611 0.182313 7.5 275 3
0.0965748 0.0677442 0.0322553 20 272.5 3
0.253377 0.226305 0.178576 43.75 276.25 3
0.285139 0.255391 0.210441 66.25 276.25 3
0.30546 0.272299 0.226692 112.5 275 3
0.299728 0.266132 0.219936 138.75 276.25 3
0.296718 0.25433 0.209814 170 276.25 3
0.308663 0.265408 0.222147 187.5 275 3
0.289366 0.254368 0.209744 257.5 276.25 3
0.286269 0.249822 0.206625 277.5 276.25 3
0.27415 0.239471 0.196791 290 276.25 3
0.254798 0.226663 0.18217 310 275 3
0.210532 0.184103 0.143258 377.5 276.25 3
0.204588 0.178217 0.139533 397.5 275 3
0.203079 0.179249 0.14242 460 273.75 3
0.194602 0.172223 0.135988 472.5 275 3
0.265365 0.236431 0.194908 25 277.5 3
0.274126 0.244427 0.199208 90 277.5 3
